<Qucs Dataset 0.0.19>
<indep time 401>
  +0.00000000000000000000e+000
  +7.50000000000000019001e-006
  +1.50000000000000003800e-005
  +2.25000000000000014171e-005
  +3.00000000000000007600e-005
  +3.75000000000000034911e-005
  +4.50000000000000028341e-005
  +5.25000000000000021771e-005
  +6.00000000000000015201e-005
  +6.75000000000000008630e-005
  +7.50000000000000069823e-005
  +8.24999999999999995490e-005
  +9.00000000000000056682e-005
  +9.74999999999999982349e-005
  +1.05000000000000004354e-004
  +1.12499999999999996921e-004
  +1.20000000000000003040e-004
  +1.27500000000000009159e-004
  +1.35000000000000001726e-004
  +1.42499999999999994293e-004
  +1.50000000000000013965e-004
  +1.57500000000000006531e-004
  +1.64999999999999999098e-004
  +1.72499999999999991665e-004
  +1.80000000000000011336e-004
  +1.87500000000000003903e-004
  +1.94999999999999996470e-004
  +2.02500000000000016142e-004
  +2.10000000000000008708e-004
  +2.17500000000000001275e-004
  +2.24999999999999993842e-004
  +2.32500000000000013513e-004
  +2.40000000000000006080e-004
  +2.47499999999999998647e-004
  +2.55000000000000018319e-004
  +2.62499999999999983780e-004
  +2.70000000000000003452e-004
  +2.77500000000000023124e-004
  +2.84999999999999988586e-004
  +2.92500000000000008257e-004
  +3.00000000000000027929e-004
  +3.07499999999999993391e-004
  +3.15000000000000013062e-004
  +3.22500000000000032734e-004
  +3.29999999999999998196e-004
  +3.37500000000000017868e-004
  +3.44999999999999983329e-004
  +3.52500000000000003001e-004
  +3.60000000000000022673e-004
  +3.67499999999999988134e-004
  +3.75000000000000007806e-004
  +3.82500000000000027478e-004
  +3.89999999999999992940e-004
  +3.97500000000000012611e-004
  +4.05000000000000032283e-004
  +4.12499999999999997745e-004
  +4.20000000000000017417e-004
  +4.27499999999999982878e-004
  +4.35000000000000002550e-004
  +4.42500000000000022222e-004
  +4.49999999999999987683e-004
  +4.57500000000000007355e-004
  +4.65000000000000027027e-004
  +4.72499999999999992489e-004
  +4.80000000000000012160e-004
  +4.87500000000000031832e-004
  +4.94999999999999997294e-004
  +5.02500000000000016966e-004
  +5.10000000000000036637e-004
  +5.17500000000000056309e-004
  +5.24999999999999967561e-004
  +5.32499999999999987232e-004
  +5.40000000000000006904e-004
  +5.47500000000000026576e-004
  +5.55000000000000046248e-004
  +5.62500000000000065919e-004
  +5.69999999999999977171e-004
  +5.77499999999999996843e-004
  +5.85000000000000016515e-004
  +5.92500000000000036186e-004
  +6.00000000000000055858e-004
  +6.07499999999999967110e-004
  +6.14999999999999986781e-004
  +6.22500000000000006453e-004
  +6.30000000000000026125e-004
  +6.37500000000000045797e-004
  +6.45000000000000065468e-004
  +6.52499999999999976720e-004
  +6.59999999999999996392e-004
  +6.67500000000000016064e-004
  +6.75000000000000035735e-004
  +6.82500000000000055407e-004
  +6.89999999999999966659e-004
  +6.97499999999999986330e-004
  +7.05000000000000006002e-004
  +7.12500000000000025674e-004
  +7.20000000000000045346e-004
  +7.27500000000000065017e-004
  +7.34999999999999976269e-004
  +7.42499999999999995941e-004
  +7.50000000000000015613e-004
  +7.57500000000000035284e-004
  +7.65000000000000054956e-004
  +7.72499999999999966208e-004
  +7.79999999999999985879e-004
  +7.87500000000000005551e-004
  +7.95000000000000025223e-004
  +8.02500000000000044895e-004
  +8.10000000000000064566e-004
  +8.17499999999999975818e-004
  +8.24999999999999995490e-004
  +8.32500000000000015161e-004
  +8.40000000000000034833e-004
  +8.47500000000000054505e-004
  +8.54999999999999965757e-004
  +8.62499999999999985428e-004
  +8.70000000000000005100e-004
  +8.77500000000000024772e-004
  +8.85000000000000044444e-004
  +8.92500000000000064115e-004
  +8.99999999999999975367e-004
  +9.07499999999999995039e-004
  +9.15000000000000014710e-004
  +9.22500000000000034382e-004
  +9.30000000000000054054e-004
  +9.37499999999999965306e-004
  +9.44999999999999984977e-004
  +9.52500000000000004649e-004
  +9.60000000000000024321e-004
  +9.67500000000000043993e-004
  +9.75000000000000063664e-004
  +9.82500000000000083336e-004
  +9.89999999999999994588e-004
  +9.97500000000000122680e-004
  +1.00500000000000003393e-003
  +1.01249999999999994518e-003
  +1.02000000000000007327e-003
  +1.02749999999999998453e-003
  +1.03500000000000011262e-003
  +1.04250000000000002387e-003
  +1.04999999999999993512e-003
  +1.05750000000000006321e-003
  +1.06499999999999997446e-003
  +1.07250000000000010256e-003
  +1.08000000000000001381e-003
  +1.08749999999999992506e-003
  +1.09500000000000005315e-003
  +1.10249999999999996440e-003
  +1.11000000000000009250e-003
  +1.11750000000000000375e-003
  +1.12500000000000013184e-003
  +1.13250000000000004309e-003
  +1.13999999999999995434e-003
  +1.14750000000000008243e-003
  +1.15499999999999999369e-003
  +1.16250000000000012178e-003
  +1.17000000000000003303e-003
  +1.17749999999999994428e-003
  +1.18500000000000007237e-003
  +1.19249999999999998362e-003
  +1.20000000000000011172e-003
  +1.20750000000000002297e-003
  +1.21499999999999993422e-003
  +1.22250000000000006231e-003
  +1.22999999999999997356e-003
  +1.23750000000000010165e-003
  +1.24500000000000001291e-003
  +1.25249999999999992416e-003
  +1.26000000000000005225e-003
  +1.26749999999999996350e-003
  +1.27500000000000009159e-003
  +1.28250000000000000284e-003
  +1.29000000000000013094e-003
  +1.29750000000000004219e-003
  +1.30499999999999995344e-003
  +1.31250000000000008153e-003
  +1.31999999999999999278e-003
  +1.32750000000000012088e-003
  +1.33500000000000003213e-003
  +1.34249999999999994338e-003
  +1.35000000000000007147e-003
  +1.35749999999999998272e-003
  +1.36500000000000011081e-003
  +1.37250000000000002207e-003
  +1.37999999999999993332e-003
  +1.38750000000000006141e-003
  +1.39499999999999997266e-003
  +1.40250000000000010075e-003
  +1.41000000000000001200e-003
  +1.41749999999999992326e-003
  +1.42500000000000005135e-003
  +1.43249999999999996260e-003
  +1.44000000000000009069e-003
  +1.44750000000000000194e-003
  +1.45500000000000013003e-003
  +1.46250000000000004129e-003
  +1.46999999999999995254e-003
  +1.47750000000000008063e-003
  +1.48499999999999999188e-003
  +1.49250000000000011997e-003
  +1.50000000000000003123e-003
  +1.50749999999999994248e-003
  +1.51500000000000007057e-003
  +1.52249999999999998182e-003
  +1.53000000000000010991e-003
  +1.53750000000000002116e-003
  +1.54499999999999993242e-003
  +1.55250000000000006051e-003
  +1.55999999999999997176e-003
  +1.56750000000000009985e-003
  +1.57500000000000001110e-003
  +1.58250000000000013919e-003
  +1.59000000000000005045e-003
  +1.59749999999999996170e-003
  +1.60500000000000008979e-003
  +1.61250000000000000104e-003
  +1.62000000000000012913e-003
  +1.62750000000000004038e-003
  +1.63499999999999995164e-003
  +1.64250000000000007973e-003
  +1.64999999999999999098e-003
  +1.65750000000000011907e-003
  +1.66500000000000003032e-003
  +1.67249999999999994157e-003
  +1.68000000000000006967e-003
  +1.68749999999999998092e-003
  +1.69500000000000010901e-003
  +1.70250000000000002026e-003
  +1.70999999999999993151e-003
  +1.71750000000000005961e-003
  +1.72499999999999997086e-003
  +1.73250000000000009895e-003
  +1.74000000000000001020e-003
  +1.74750000000000013829e-003
  +1.75500000000000004954e-003
  +1.76249999999999996080e-003
  +1.77000000000000008889e-003
  +1.77750000000000000014e-003
  +1.78500000000000012823e-003
  +1.79250000000000003948e-003
  +1.79999999999999995073e-003
  +1.80750000000000007883e-003
  +1.81499999999999999008e-003
  +1.82250000000000011817e-003
  +1.83000000000000002942e-003
  +1.83749999999999994067e-003
  +1.84500000000000006876e-003
  +1.85249999999999998002e-003
  +1.86000000000000010811e-003
  +1.86750000000000001936e-003
  +1.87499999999999993061e-003
  +1.88250000000000005870e-003
  +1.88999999999999996995e-003
  +1.89750000000000009805e-003
  +1.90500000000000000930e-003
  +1.91250000000000013739e-003
  +1.92000000000000004864e-003
  +1.92749999999999995989e-003
  +1.93500000000000008799e-003
  +1.94249999999999999924e-003
  +1.95000000000000012733e-003
  +1.95750000000000003858e-003
  +1.96500000000000016667e-003
  +1.97249999999999986108e-003
  +1.97999999999999998918e-003
  +1.98750000000000011727e-003
  +1.99500000000000024536e-003
  +2.00249999999999993977e-003
  +2.01000000000000006786e-003
  +2.01750000000000019595e-003
  +2.02499999999999989037e-003
  +2.03250000000000001846e-003
  +2.04000000000000014655e-003
  +2.04749999999999984096e-003
  +2.05499999999999996905e-003
  +2.06250000000000009714e-003
  +2.07000000000000022524e-003
  +2.07749999999999991965e-003
  +2.08500000000000004774e-003
  +2.09250000000000017583e-003
  +2.09999999999999987024e-003
  +2.10749999999999999833e-003
  +2.11500000000000012643e-003
  +2.12250000000000025452e-003
  +2.12999999999999994893e-003
  +2.13750000000000007702e-003
  +2.14500000000000020511e-003
  +2.15249999999999989952e-003
  +2.16000000000000002762e-003
  +2.16750000000000015571e-003
  +2.17499999999999985012e-003
  +2.18249999999999997821e-003
  +2.19000000000000010630e-003
  +2.19750000000000023440e-003
  +2.20499999999999992881e-003
  +2.21250000000000005690e-003
  +2.22000000000000018499e-003
  +2.22749999999999987940e-003
  +2.23500000000000000749e-003
  +2.24250000000000013559e-003
  +2.25000000000000026368e-003
  +2.25749999999999995809e-003
  +2.26500000000000008618e-003
  +2.27250000000000021427e-003
  +2.27999999999999990868e-003
  +2.28750000000000003678e-003
  +2.29500000000000016487e-003
  +2.30249999999999985928e-003
  +2.30999999999999998737e-003
  +2.31750000000000011546e-003
  +2.32500000000000024356e-003
  +2.33249999999999993797e-003
  +2.34000000000000006606e-003
  +2.34750000000000019415e-003
  +2.35499999999999988856e-003
  +2.36250000000000001665e-003
  +2.37000000000000014475e-003
  +2.37749999999999983916e-003
  +2.38499999999999996725e-003
  +2.39250000000000009534e-003
  +2.40000000000000022343e-003
  +2.40749999999999991784e-003
  +2.41500000000000004594e-003
  +2.42250000000000017403e-003
  +2.42999999999999986844e-003
  +2.43749999999999999653e-003
  +2.44500000000000012462e-003
  +2.45250000000000025271e-003
  +2.45999999999999994713e-003
  +2.46750000000000007522e-003
  +2.47500000000000020331e-003
  +2.48249999999999989772e-003
  +2.49000000000000002581e-003
  +2.49750000000000015390e-003
  +2.50499999999999984832e-003
  +2.51249999999999997641e-003
  +2.52000000000000010450e-003
  +2.52750000000000023259e-003
  +2.53499999999999992700e-003
  +2.54250000000000005509e-003
  +2.55000000000000018319e-003
  +2.55749999999999987760e-003
  +2.56500000000000000569e-003
  +2.57250000000000013378e-003
  +2.58000000000000026187e-003
  +2.58749999999999995628e-003
  +2.59500000000000008438e-003
  +2.60250000000000021247e-003
  +2.60999999999999990688e-003
  +2.61750000000000003497e-003
  +2.62500000000000016306e-003
  +2.63249999999999985748e-003
  +2.63999999999999998557e-003
  +2.64750000000000011366e-003
  +2.65500000000000024175e-003
  +2.66249999999999993616e-003
  +2.67000000000000006425e-003
  +2.67750000000000019235e-003
  +2.68499999999999988676e-003
  +2.69250000000000001485e-003
  +2.70000000000000014294e-003
  +2.70750000000000027103e-003
  +2.71499999999999996544e-003
  +2.72250000000000009354e-003
  +2.73000000000000022163e-003
  +2.73749999999999991604e-003
  +2.74500000000000004413e-003
  +2.75250000000000017222e-003
  +2.75999999999999986663e-003
  +2.76749999999999999473e-003
  +2.77500000000000012282e-003
  +2.78250000000000025091e-003
  +2.78999999999999994532e-003
  +2.79750000000000007341e-003
  +2.80500000000000020151e-003
  +2.81249999999999989592e-003
  +2.82000000000000002401e-003
  +2.82750000000000015210e-003
  +2.83499999999999984651e-003
  +2.84249999999999997460e-003
  +2.85000000000000010270e-003
  +2.85750000000000023079e-003
  +2.86499999999999992520e-003
  +2.87250000000000005329e-003
  +2.88000000000000018138e-003
  +2.88749999999999987579e-003
  +2.89500000000000000389e-003
  +2.90250000000000013198e-003
  +2.91000000000000026007e-003
  +2.91749999999999995448e-003
  +2.92500000000000008257e-003
  +2.93250000000000021066e-003
  +2.93999999999999990508e-003
  +2.94750000000000003317e-003
  +2.95500000000000016126e-003
  +2.96249999999999985567e-003
  +2.96999999999999998376e-003
  +2.97750000000000011185e-003
  +2.98500000000000023995e-003
  +2.99249999999999993436e-003
  +3.00000000000000006245e-003
</indep>
<dep V1.It time>
  -9.99999900000010019580e-014
  -7.47204708243259371430e-009
  -1.48881666362635658354e-008
  -2.22488733076499389089e-008
  -2.95545811389380543835e-008
  -3.68057010787700931065e-008
  -4.40026410052001024176e-008
  -5.11458057486372665708e-008
  -5.82355971146177390119e-008
  -6.52724139064063897784e-008
  -7.22566519474296194567e-008
  -7.91887041035404804691e-008
  -8.60689603051177203453e-008
  -9.28978075689992300527e-008
  -9.96756300202521539350e-008
  -1.06402808913779826693e-007
  -1.13079722655767681464e-007
  -1.19706746824968592215e-007
  -1.26284254193829370987e-007
  -1.32812614749459372913e-007
  -1.39292195714442400130e-007
  -1.45723361567492989861e-007
  -1.52106474063958661618e-007
  -1.58441892256168560268e-007
  -1.64729972513630559614e-007
  -1.70971068543076800019e-007
  -1.77165531408360201168e-007
  -1.83313709550201658806e-007
  -1.89415948805790095967e-007
  -1.95472592428235818693e-007
  -2.01483981105878817347e-007
  -2.07450452981452331189e-007
  -2.13372343671103661410e-007
  -2.19249986283272788532e-007
  -2.25083711437429561755e-007
  -2.30873847282671471990e-007
  -2.36620719516182061495e-007
  -2.42324651401551214201e-007
  -2.47985963786959206087e-007
  -2.53604975123224595006e-007
  -2.59182001481716717583e-007
  -2.64717356572135175483e-007
  -2.70211351760156231614e-007
  -2.75664296084946751560e-007
  -2.81076496276548337218e-007
  -2.86448256773130593833e-007
  -2.91779879738116018615e-007
  -2.97071665077176881492e-007
  -3.02323910455104839169e-007
  -3.07536911312554764792e-007
  -3.12710960882663640250e-007
  -3.17846350207544511123e-007
  -3.22943368154658098302e-007
  -3.28002301433061854533e-007
  -3.33023434609536677641e-007
  -3.38007050124594774443e-007
  -3.42953428308366557763e-007
  -3.47862847396369382358e-007
  -3.52735583545158543261e-007
  -3.57571910847860907119e-007
  -3.62372101349592976483e-007
  -3.67136425062763598780e-007
  -3.71865149982261902345e-007
  -3.76558542100532418226e-007
  -3.81216865422537123116e-007
  -3.85840381980605885674e-007
  -3.90429351849175792722e-007
  -3.94984033159420414097e-007
  -3.99504682113769747308e-007
  -4.03991553000322059621e-007
  -4.08444898207146992285e-007
  -4.12864968236483420913e-007
  -4.17252011718829213286e-007
  -4.21606275426927490316e-007
  -4.25928004289647749048e-007
  -4.30217441405762694729e-007
  -4.34474828057622687766e-007
  -4.38700403724728652615e-007
  -4.42894406097202336861e-007
  -4.47057071089156196895e-007
  -4.51188632851964498372e-007
  -4.55289323787432984478e-007
  -4.59359374560873623562e-007
  -4.63399014114077712816e-007
  -4.67408469678194908360e-007
  -4.71387966786514793599e-007
  -4.75337729287153262248e-007
  -4.79257979355643874852e-007
  -4.83148937507435671104e-007
  -4.87010822610297120328e-007
  -4.90843851896627215966e-007
  -4.94648240975675196395e-007
  -4.98424203845668786181e-007
  -5.02171952905851063658e-007
  -5.05891698968428495919e-007
  -5.09583651270428870686e-007
  -5.13248017485471560264e-007
  -5.16885003735448000003e-007
  -5.20494814602117992868e-007
  -5.24077653138615910865e-007
  -5.27633720880872934345e-007
  -5.31163217858953952718e-007
  -5.34666342608308703100e-007
  -5.38143292180939687957e-007
  -5.41594262156486977656e-007
  -5.45019446653228839101e-007
  -5.48419038339001155101e-007
  -5.51793228442035210925e-007
  -5.55142206761714165701e-007
  -5.58466161679250008594e-007
  -5.61765280168278988069e-007
  -5.65039747805379749384e-007
  -5.68289748780511745124e-007
  -5.71515465907375930448e-007
  -5.74717080633698590104e-007
  -5.77894773051437238410e-007
  -5.81048721906911345063e-007
  -5.84179104610856298580e-007
  -5.87286097248402830854e-007
  -5.90369874588983279221e-007
  -5.93430610096159921514e-007
  -5.96468475937385124948e-007
  -5.99483642993683885626e-007
  -6.02476280869266593693e-007
  -6.05446557901069165426e-007
  -6.08394641168221706913e-007
  -6.11320696501448250423e-007
  -6.14224888492393328314e-007
  -6.17107380502880360781e-007
  -6.19968334674101857457e-007
  -6.22807911935738891756e-007
  -6.25626272015014294899e-007
  -6.28423573445676075587e-007
  -6.31199973576916571062e-007
  -6.33955629080878060805e-007
  -6.36690694710283920048e-007
  -6.39405324063130329561e-007
  -6.42099669838276138139e-007
  -6.44773883593620779518e-007
  -6.47428115754631882448e-007
  -6.50062515622803635825e-007
  -6.52677231384058614373e-007
  -6.55272410117080253509e-007
  -6.57848197801587831836e-007
  -6.60404739326546973264e-007
  -6.62942178498319903904e-007
  -6.65460658048754934354e-007
  -6.67960319643215061487e-007
  -6.70441303888547172059e-007
  -6.72903750340989624667e-007
  -6.75347797514023821650e-007
  -6.77773582886165535781e-007
  -6.80181242908697156397e-007
  -6.82570913013343713735e-007
  -6.84942727619892575561e-007
  -6.87296820143751310399e-007
  -6.89633323003454834670e-007
  -6.91952367628112526356e-007
  -6.94254084464802399120e-007
  -6.96538602985909160482e-007
  -6.98806051696404142367e-007
  -7.01056558141078433074e-007
  -7.03290248911712164146e-007
  -7.05507249654199751520e-007
  -7.07707685075614997341e-007
  -7.09891678951226110951e-007
  -7.12059354131458849113e-007
  -7.14210832548806610792e-007
  -7.16346235224688227657e-007
  -7.18465682276259167766e-007
  -7.20569292923162070519e-007
  -7.22657185494239059249e-007
  -7.24729477434182749801e-007
  -7.26786285310145860382e-007
  -7.28827724818296823051e-007
  -7.30853910790328596647e-007
  -7.32864957199915704824e-007
  -7.34860977169128075408e-007
  -7.36842082974793740138e-007
  -7.38808386054811771220e-007
  -7.40759997014425195579e-007
  -7.42697025632438534327e-007
  -7.44619580867394367017e-007
  -7.46527770863703414956e-007
  -7.48421702957724543708e-007
  -7.50301483683806860860e-007
  -7.52167218780279933024e-007
  -7.54019013195399851252e-007
  -7.55856971093256544686e-007
  -7.57681195859628578169e-007
  -7.59491790107803539143e-007
  -7.61288855684346437900e-007
  -7.63072493674828826674e-007
  -7.64842804409518531712e-007
  -7.66599887469017504568e-007
  -7.68343841689868227301e-007
  -7.70074765170109719215e-007
  -7.71792755274798709367e-007
  -7.73497908641485281054e-007
  -7.75190321185646905809e-007
  -7.76870088106086372611e-007
  -7.78537303890284824359e-007
  -7.80192062319718583679e-007
  -7.81834456475133203570e-007
  -7.83464578741778554534e-007
  -7.85082520814607806929e-007
  -7.86688373703432367606e-007
  -7.88282227738043888142e-007
  -7.89864172573294450816e-007
  -7.91434297194138108718e-007
  -7.92992689920639815077e-007
  -7.94539438412939671608e-007
  -7.96074629676184989608e-007
  -7.97598350065425928630e-007
  -7.99110685290472277523e-007
  -8.00611720420714342455e-007
  -8.02101539889906247843e-007
  -8.03580227500920120526e-007
  -8.05047866430454745923e-007
  -8.06504539233717860280e-007
  -8.07950327849068526504e-007
  -8.09385313602625205146e-007
  -8.10809577212844073366e-007
  -8.12223198795054145210e-007
  -8.13626257865969416117e-007
  -8.15018833348156432326e-007
  -8.16401003574476978677e-007
  -8.17772846292494979286e-007
  -8.19134438668846022874e-007
  -8.20485857293581794760e-007
  -8.21827178184477662911e-007
  -8.23158476791305535644e-007
  -8.24479828000082473013e-007
  -8.25791306137279064125e-007
  -8.27092984974003981662e-007
  -8.28384937730149572878e-007
  -8.29667237078515004231e-007
  -8.30939955148891501288e-007
  -8.32203163532118048353e-007
  -8.33456933284112947663e-007
  -8.34701334929865144510e-007
  -8.35936438467408082313e-007
  -8.37162313371751206049e-007
  -8.38379028598789125176e-007
  -8.39586652589182824480e-007
  -8.40785253272207840634e-007
  -8.41974898069576604250e-007
  -8.43155653899227324133e-007
  -8.44327587179090425159e-007
  -8.45490763830828939890e-007
  -8.46645249283537395576e-007
  -8.47791108477430430885e-007
  -8.48928405867491813836e-007
  -8.50057205427101966275e-007
  -8.51177570651634783409e-007
  -8.52289564562027454161e-007
  -8.53393249708329846856e-007
  -8.54488688173220437103e-007
  -8.55575941575499895193e-007
  -8.56655071073556086123e-007
  -8.57726137368802388085e-007
  -8.58789200709096952723e-007
  -8.59844320892128084059e-007
  -8.60891557268777065174e-007
  -8.61930968746458962033e-007
  -8.62962613792437698679e-007
  -8.63986550437108521667e-007
  -8.65002836277271253002e-007
  -8.66011528479362779632e-007
  -8.67012683782673131665e-007
  -8.68006358502542290590e-007
  -8.68992608533524280857e-007
  -8.69971489352530720896e-007
  -8.70943056021952880685e-007
  -8.71907363192758222447e-007
  -8.72864465107565977281e-007
  -8.73814415603696463770e-007
  -8.74757268116199230773e-007
  -8.75693075680861189051e-007
  -8.76621890937188590762e-007
  -8.77543766131366880216e-007
  -8.78458753119200215838e-007
  -8.79366903369029922189e-007
  -8.80268267964627001602e-007
  -8.81162897608068128671e-007
  -8.82050842622586974917e-007
  -8.82932152955402769430e-007
  -8.83806878180532448256e-007
  -8.84675067501581733840e-007
  -8.85536769754502227265e-007
  -8.86392033410350300442e-007
  -8.87240906578009248245e-007
  -8.88083437006895241140e-007
  -8.88919672089639243252e-007
  -8.89749658864760460110e-007
  -8.90573444019309081434e-007
  -8.91391073891489330425e-007
  -8.92202594473270231056e-007
  -8.93008051412970752636e-007
  -8.93807490017828860734e-007
  -8.94600955256547274700e-007
  -8.95388491761823660966e-007
  -8.96170143832865156220e-007
  -8.96945955437878432517e-007
  -8.97715970216538057167e-007
  -8.98480231482448076356e-007
  -8.99238782225572576192e-007
  -8.99991665114659785116e-007
  -9.00738922499637165445e-007
  -9.01480596413997716937e-007
  -9.02216728577159598829e-007
  -9.02947360396814846318e-007
  -9.03672532971262416933e-007
  -9.04392287091716567081e-007
  -9.05106663244598923194e-007
  -9.05815701613821235529e-007
  -9.06519442083040709264e-007
  -9.07217924237907077032e-007
  -9.07911187368288389746e-007
  -9.08599270470480290282e-007
  -9.09282212249399299421e-007
  -9.09960051120761913981e-007
  -9.10632825213244434958e-007
  -9.11300572370624902085e-007
  -9.11963330153916663951e-007
  -9.12621135843479925262e-007
  -9.13274026441117729861e-007
  -9.13922038672153626678e-007
  -9.14565208987506053409e-007
  -9.15203573565730638838e-007
  -9.15837168315061975753e-007
  -9.16466028875427124140e-007
  -9.17090190620455726248e-007
  -9.17709688659465028300e-007
  -9.18324557839438020062e-007
  -9.18934832746981986775e-007
  -9.19540547710277320210e-007
  -9.20141736801003671589e-007
  -9.20738433836258692967e-007
  -9.21330672380463226093e-007
  -9.21918485747241080272e-007
  -9.22501907001304951230e-007
  -9.23080968960304752877e-007
  -9.23655704196678807814e-007
  -9.24226145039487356033e-007
  -9.24792323576231134646e-007
  -9.25354271654649734718e-007
  -9.25912020884522393308e-007
  -9.26465602639439033485e-007
  -9.27015048058569398518e-007
  -9.27560388048411751394e-007
  -9.28101653284531304065e-007
  -9.28638874213291023394e-007
  -9.29172081053558402546e-007
  -9.29701303798403126770e-007
  -9.30226572216792303969e-007
  -9.30747915855260178390e-007
  -9.31265364039570221031e-007
  -9.31778945876364514544e-007
  -9.32288690254802550231e-007
  -9.32794625848187107785e-007
  -9.33296781115572453223e-007
  -9.33795184303370101592e-007
  -9.34289863446935097920e-007
  -9.34780846372143086691e-007
  -9.35268160696957640427e-007
  -9.35751833832979800592e-007
  -9.36231892986994653871e-007
  -9.36708365162499591366e-007
  -9.37181277161223462189e-007
  -9.37650655584632068641e-007
  -9.38116526835425932228e-007
  -9.38578917119029589337e-007
  -9.39037852445057275871e-007
  -9.39493358628785176391e-007
  -9.39945461292595297658e-007
  -9.40394185867422942054e-007
  -9.40839557594180569970e-007
  -9.41281601525188226697e-007
  -9.41720342525570617389e-007
  -9.42155805274666040497e-007
  -9.42588014267406310315e-007
  -9.43016993815703244036e-007
  -9.43442768049802749801e-007
  -9.43865360919657020068e-007
  -9.44284796196264220101e-007
  -9.44701097473008599973e-007
  -9.45114288166982289474e-007
  -9.45524391520306669516e-007
  -9.45931430601441567426e-007
  -9.46335428306480582085e-007
  -9.46736407360432009501e-007
  -9.47134390318511838602e-007
  -9.47529399567402548075e-007
  -9.47921457326511797327e-007
  -9.48310585649229529258e-007
  -9.48696806424160403196e-007
  -9.49080141376356651355e-007
  -9.49460612068546276608e-007
  -9.49838239902339439162e-007
  -9.50213046119434102076e-007
</dep>
<dep Vin.Vt time>
  +1.00000000000000003643e-010
  +7.50009924999999662987e-006
  +1.50000984999999930405e-005
  +2.25000977499999902981e-005
  +3.00000969999999892498e-005
  +3.75000962499999848133e-005
  +4.50000954999999803769e-005
  +5.25000947499999827167e-005
  +6.00000939999999782803e-005
  +6.75000932499999670676e-005
  +7.50000924999999761837e-005
  +8.25000917499999581947e-005
  +9.00000909999999673108e-005
  +9.75000902499999493218e-005
  +1.05000089499999958438e-004
  +1.12500088749999954001e-004
  +1.20000087999999949565e-004
  +1.27500087249999958681e-004
  +1.35000086499999954245e-004
  +1.42500085749999922703e-004
  +1.50000084999999945372e-004
  +1.57500084249999940935e-004
  +1.65000083499999936499e-004
  +1.72500082749999904957e-004
  +1.80000081999999927626e-004
  +1.87500081249999923190e-004
  +1.95000080499999918753e-004
  +2.02500079749999941422e-004
  +2.10000078999999909880e-004
  +2.17500078249999905444e-004
  +2.25000077499999901007e-004
  +2.32500076749999923676e-004
  +2.40000075999999892135e-004
  +2.47500075249999914803e-004
  +2.55000074499999883262e-004
  +2.62500073749999851720e-004
  +2.70000072999999874389e-004
  +2.77500072249999897057e-004
  +2.85000071499999865516e-004
  +2.92500070749999888185e-004
  +3.00000069999999910853e-004
  +3.07500069249999879312e-004
  +3.15000068499999901980e-004
  +3.22500067749999870439e-004
  +3.30000066999999838897e-004
  +3.37500066249999861566e-004
  +3.45000065499999830024e-004
  +3.52500064749999852693e-004
  +3.60000063999999875362e-004
  +3.67500063249999843820e-004
  +3.75000062499999866489e-004
  +3.82500061749999834947e-004
  +3.90000060999999803406e-004
  +3.97500060249999826074e-004
  +4.05000059499999848743e-004
  +4.12500058749999817202e-004
  +4.20000057999999839870e-004
  +4.27500057249999808329e-004
  +4.35000056499999830997e-004
  +4.42500055749999853666e-004
  +4.50000054999999767914e-004
  +4.57500054249999790583e-004
  +4.65000053499999813252e-004
  +4.72500052749999781710e-004
  +4.80000051999999804379e-004
  +4.87500051249999827047e-004
  +4.95000050499999795506e-004
  +5.02500049749999818174e-004
  +5.10000048999999840843e-004
  +5.17500048249999863512e-004
  +5.25000047499999777760e-004
  +5.32500046749999800429e-004
  +5.40000045999999823097e-004
  +5.47500045249999737346e-004
  +5.55000044499999760014e-004
  +5.62500043749999782683e-004
  +5.70000042999999696931e-004
  +5.77500042249999719600e-004
  +5.85000041499999742269e-004
  +5.92500040749999764937e-004
  +6.00000039999999787606e-004
  +6.07500039249999701854e-004
  +6.15000038499999724523e-004
  +6.22500037749999747191e-004
  +6.30000036999999769860e-004
  +6.37500036249999792529e-004
  +6.45000035499999815197e-004
  +6.52500034749999729446e-004
  +6.60000033999999752114e-004
  +6.67500033249999774783e-004
  +6.75000032499999689031e-004
  +6.82500031749999711700e-004
  +6.90000030999999625948e-004
  +6.97500030249999648617e-004
  +7.05000029499999671286e-004
  +7.12500028749999693954e-004
  +7.20000027999999716623e-004
  +7.27500027249999739291e-004
  +7.35000026499999653540e-004
  +7.42500025749999676208e-004
  +7.50000024999999698877e-004
  +7.57500024249999721546e-004
  +7.65000023499999744214e-004
  +7.72500022749999658463e-004
  +7.80000021999999681131e-004
  +7.87500021249999703800e-004
  +7.95000020499999726468e-004
  +8.02500019749999749137e-004
  +8.10000018999999663386e-004
  +8.17500018249999577634e-004
  +8.25000017499999600303e-004
  +8.32500016749999622971e-004
  +8.40000015999999645640e-004
  +8.47500015249999668308e-004
  +8.55000014499999582557e-004
  +8.62500013749999605225e-004
  +8.70000012999999627894e-004
  +8.77500012249999650563e-004
  +8.85000011499999673231e-004
  +8.92500010749999695900e-004
  +9.00000009999999610148e-004
  +9.07500009249999632817e-004
  +9.15000008499999655485e-004
  +9.22500007749999678154e-004
  +9.30000006999999700823e-004
  +9.37500006249999506651e-004
  +9.45000005499999529320e-004
  +9.52500004749999551988e-004
  +9.60000003999999574657e-004
  +9.67500003249999597325e-004
  +9.75000002499999619994e-004
  +9.82500001749999751083e-004
  +9.90000000999999556911e-004
  +9.97500000249999796420e-004
  +1.00499999999999960025e-003
  +1.01249999999999951150e-003
  +1.01999999999999963959e-003
  +1.02749999999999955085e-003
  +1.03499999999999967894e-003
  +1.04249999999999980703e-003
  +1.04999999999999971828e-003
  +1.05749999999999984637e-003
  +1.06499999999999975762e-003
  +1.07249999999999988572e-003
  +1.07999999999999979697e-003
  +1.08749999999999970822e-003
  +1.09499999999999983631e-003
  +1.10249999999999974756e-003
  +1.11000000000000009250e-003
  +1.11750000000000000375e-003
  +1.12500000000000013184e-003
  +1.13250000000000004309e-003
  +1.13999999999999995434e-003
  +1.14750000000000008243e-003
  +1.15499999999999999369e-003
  +1.16250000000000012178e-003
  +1.17000000000000003303e-003
  +1.17749999999999994428e-003
  +1.18500000000000028921e-003
  +1.19250000000000020046e-003
  +1.20000000000000032856e-003
  +1.20750000000000023981e-003
  +1.21500000000000015106e-003
  +1.22250000000000027915e-003
  +1.23000000000000019040e-003
  +1.23750000000000031850e-003
  +1.24500000000000022975e-003
  +1.25250000000000035784e-003
  +1.26000000000000048593e-003
  +1.26750000000000039718e-003
  +1.27500000000000052527e-003
  +1.28250000000000043653e-003
  +1.29000000000000056462e-003
  +1.29750000000000047587e-003
  +1.30500000000000038712e-003
  +1.31250000000000051521e-003
  +1.32000000000000042646e-003
  +1.32750000000000077140e-003
  +1.33500000000000068265e-003
  +1.34250000000000059390e-003
  +1.35000000000000072199e-003
  +1.35750000000000063324e-003
  +1.36500000000000076134e-003
  +1.37250000000000067259e-003
  +1.38000000000000058384e-003
  +1.38750000000000071193e-003
  +1.39500000000000084002e-003
  +1.40250000000000096811e-003
  +1.41000000000000087937e-003
  +1.41750000000000079062e-003
  +1.42500000000000091871e-003
  +1.43250000000000082996e-003
  +1.44000000000000095805e-003
  +1.44750000000000086930e-003
  +1.45500000000000099740e-003
  +1.46250000000000090865e-003
  +1.47000000000000103674e-003
  +1.47750000000000116483e-003
  +1.48500000000000107608e-003
  +1.49250000000000120418e-003
  +1.50000000000000111543e-003
  +1.50750000000000102668e-003
  +1.51500000000000115477e-003
  +1.52250000000000106602e-003
  +1.53000000000000119411e-003
  +1.53750000000000132221e-003
  +1.54500000000000123346e-003
  +1.55250000000000136155e-003
  +1.56000000000000127280e-003
  +1.56750000000000140089e-003
  +1.57500000000000131214e-003
  +1.58250000000000144024e-003
  +1.59000000000000135149e-003
  +1.59750000000000126274e-003
  +1.60500000000000139083e-003
  +1.61250000000000151892e-003
  +1.62000000000000164702e-003
  +1.62750000000000155827e-003
  +1.63500000000000146952e-003
  +1.64250000000000159761e-003
  +1.65000000000000150886e-003
  +1.65750000000000163695e-003
  +1.66500000000000154821e-003
  +1.67250000000000145946e-003
  +1.68000000000000180439e-003
  +1.68750000000000171564e-003
  +1.69500000000000184373e-003
  +1.70250000000000175499e-003
  +1.71000000000000166624e-003
  +1.71750000000000179433e-003
  +1.72500000000000170558e-003
  +1.73250000000000183367e-003
  +1.74000000000000174492e-003
  +1.74750000000000187302e-003
  +1.75500000000000200111e-003
  +1.76250000000000191236e-003
  +1.77000000000000204045e-003
  +1.77750000000000195170e-003
  +1.78500000000000207979e-003
  +1.79250000000000199105e-003
  +1.80000000000000190230e-003
  +1.80750000000000203039e-003
  +1.81500000000000194164e-003
  +1.82250000000000228657e-003
  +1.83000000000000219783e-003
  +1.83750000000000210908e-003
  +1.84500000000000223717e-003
  +1.85250000000000214842e-003
  +1.86000000000000227651e-003
  +1.86750000000000218776e-003
  +1.87500000000000209902e-003
  +1.88250000000000222711e-003
  +1.89000000000000213836e-003
  +1.89750000000000248329e-003
  +1.90500000000000239454e-003
  +1.91250000000000252263e-003
  +1.92000000000000243389e-003
  +1.92750000000000234514e-003
  +1.93500000000000247323e-003
  +1.94250000000000238448e-003
  +1.95000000000000251257e-003
  +1.95750000000000264067e-003
  +1.96500000000000276876e-003
  +1.97250000000000246317e-003
  +1.98000000000000259126e-003
  +1.98750000000000271935e-003
  +1.99500000000000284744e-003
  +2.00250000000000254186e-003
  +2.01000000000000266995e-003
  +2.01750000000000279804e-003
  +2.02500000000000249245e-003
  +2.03250000000000262054e-003
  +2.04000000000000274863e-003
  +2.04750000000000244305e-003
  +2.05500000000000213746e-003
  +2.06250000000000226555e-003
  +2.07000000000000239364e-003
  +2.07750000000000208805e-003
  +2.08500000000000221614e-003
  +2.09250000000000234424e-003
  +2.10000000000000203865e-003
  +2.10750000000000216674e-003
  +2.11500000000000229483e-003
  +2.12250000000000242292e-003
  +2.13000000000000211733e-003
  +2.13750000000000224543e-003
  +2.14500000000000237352e-003
  +2.15250000000000163425e-003
  +2.16000000000000176234e-003
  +2.16750000000000189043e-003
  +2.17500000000000158484e-003
  +2.18250000000000171294e-003
  +2.19000000000000184103e-003
  +2.19750000000000196912e-003
  +2.20500000000000166353e-003
  +2.21250000000000179162e-003
  +2.22000000000000191971e-003
  +2.22750000000000161413e-003
  +2.23500000000000174222e-003
  +2.24250000000000187031e-003
  +2.25000000000000199840e-003
  +2.25750000000000125913e-003
  +2.26500000000000138722e-003
  +2.27250000000000151532e-003
  +2.28000000000000120973e-003
  +2.28750000000000133782e-003
  +2.29500000000000146591e-003
  +2.30250000000000116032e-003
  +2.31000000000000128841e-003
  +2.31750000000000141651e-003
  +2.32500000000000154460e-003
  +2.33250000000000123901e-003
  +2.34000000000000136710e-003
  +2.34750000000000149519e-003
  +2.35500000000000075592e-003
  +2.36250000000000088402e-003
  +2.37000000000000101211e-003
  +2.37750000000000070652e-003
  +2.38500000000000083461e-003
  +2.39250000000000096270e-003
  +2.40000000000000109079e-003
  +2.40750000000000078521e-003
  +2.41500000000000091330e-003
  +2.42250000000000104139e-003
  +2.43000000000000073580e-003
  +2.43750000000000086389e-003
  +2.44500000000000099198e-003
  +2.45250000000000068640e-003
  +2.46000000000000038081e-003
  +2.46750000000000050890e-003
  +2.47500000000000063699e-003
  +2.48250000000000033140e-003
  +2.49000000000000045949e-003
  +2.49750000000000058759e-003
  +2.50500000000000028200e-003
  +2.51250000000000041009e-003
  +2.52000000000000053818e-003
  +2.52750000000000066627e-003
  +2.53500000000000036068e-003
  +2.54250000000000048878e-003
  +2.55000000000000018319e-003
  +2.55749999999999987760e-003
  +2.56500000000000000569e-003
  +2.57250000000000013378e-003
  +2.58000000000000026187e-003
  +2.58749999999999995628e-003
  +2.59500000000000008438e-003
  +2.60250000000000021247e-003
  +2.60999999999999990688e-003
  +2.61750000000000003497e-003
  +2.62500000000000016306e-003
  +2.63249999999999985748e-003
  +2.63999999999999998557e-003
  +2.64750000000000011366e-003
  +2.65499999999999980807e-003
  +2.66249999999999950248e-003
  +2.66999999999999963057e-003
  +2.67749999999999975867e-003
  +2.68499999999999945308e-003
  +2.69249999999999958117e-003
  +2.69999999999999970926e-003
  +2.70749999999999983735e-003
  +2.71499999999999953176e-003
  +2.72249999999999965986e-003
  +2.72999999999999978795e-003
  +2.73749999999999948236e-003
  +2.74499999999999961045e-003
  +2.75249999999999930486e-003
  +2.75999999999999899927e-003
  +2.76749999999999912736e-003
  +2.77499999999999925546e-003
  +2.78249999999999938355e-003
  +2.78999999999999907796e-003
  +2.79749999999999920605e-003
  +2.80499999999999933414e-003
  +2.81249999999999902855e-003
  +2.81999999999999915665e-003
  +2.82749999999999928474e-003
  +2.83499999999999897915e-003
  +2.84249999999999910724e-003
  +2.84999999999999923533e-003
  +2.85749999999999892975e-003
  +2.86499999999999862416e-003
  +2.87249999999999875225e-003
  +2.87999999999999888034e-003
  +2.88749999999999857475e-003
  +2.89499999999999870284e-003
  +2.90249999999999883094e-003
  +2.90999999999999895903e-003
  +2.91749999999999865344e-003
  +2.92499999999999878153e-003
  +2.93249999999999890962e-003
  +2.93999999999999860403e-003
  +2.94749999999999873213e-003
  +2.95499999999999842654e-003
  +2.96249999999999812095e-003
  +2.96999999999999824904e-003
  +2.97749999999999837713e-003
  +2.98499999999999850522e-003
  +2.99249999999999819963e-003
  +2.99999999999999832773e-003
</dep>
<dep Vout.Vt time>
  +9.99999900000010135197e-018
  +2.80521675674030578375e-008
  +1.11931863736425471254e-007
  +2.51224442350049721564e-007
  +4.45515861061934045762e-007
  +6.94395171229889748088e-007
  +9.97454494799875100570e-007
  +1.35428900136271296955e-006
  +1.76449688538223381559e-006
  +2.22767934359357443051e-006
  +2.74344055257035429179e-006
  +3.31138764645946798471e-006
  +3.93113069488224336562e-006
  +4.60228268100071333989e-006
  +5.32445947974779846786e-006
  +6.09727983622011354388e-006
  +6.92036534423226439488e-006
  +7.79334042503135969037e-006
  +8.71583230617057182297e-006
  +9.68747100054055000206e-006
  +1.07078892855575352896e-005
  +1.17767226825069265105e-005
  +1.28936094360412543405e-005
  +1.40581904938313243609e-005
  +1.52701094863693635653e-005
  +1.65290127069231199944e-005
  +1.78345490916397161028e-005
  +1.91863701997982580522e-005
  +2.05841301942098084073e-005
  +2.20274858217640581639e-005
  +2.35160963941210751898e-005
  +2.50496237685475768174e-005
  +2.66277323288962188658e-005
  +2.82500889667271082718e-005
  +2.99163630625703128247e-005
  +3.16262264673283617308e-005
  +3.33793534838178052710e-005
  +3.51754208484486815861e-005
  +3.70141077130406234296e-005
  +3.88950956267752965666e-005
  +4.08180685182831979284e-005
  +4.27827126778646712178e-005
  +4.47887167398436424146e-005
  +4.68357716650531061731e-005
  +4.89235707234514821977e-005
  +5.10518094768692520628e-005
  +5.32201857618837961632e-005
  +5.54283996728229525668e-005
  +5.76761535448950277225e-005
  +5.99631519374450421824e-005
  +6.22891016173361948983e-005
  +6.46537115424553060364e-005
  +6.70566928453416758816e-005
  +6.94977588169379842473e-005
  +7.19766248904631761839e-005
  +7.44930086254050436052e-005
  +7.70466296916332482256e-005
  +7.96372098536304141121e-005
  +8.22644729548412898543e-005
  +8.49281449021389232531e-005
  +8.76279536504067778791e-005
  +9.03636291872361951906e-005
  +9.31349035177379011661e-005
  +9.59415106494673406139e-005
  +9.87831865774626465340e-005
  +1.01659669269393916386e-004
  +1.04570698650824052758e-004
  +1.07516016590579474381e-004
  +1.10495366886230155369e-004
  +1.13508495249677854289e-004
  +1.16555149292852804109e-004
  +1.19635078513516450666e-004
  +1.22748034281170673339e-004
  +1.25893769823072308863e-004
  +1.29072040210352097364e-004
  +1.32282602344237183245e-004
  +1.35525214942377076081e-004
  +1.38799638525271147029e-004
  +1.42105635402797498158e-004
  +1.45442969660843638346e-004
  +1.48811407148035387913e-004
  +1.52210715462566749563e-004
  +1.55640663939126164912e-004
  +1.59101023635922138137e-004
  +1.62591567321804974155e-004
  +1.66112069463485092103e-004
  +1.69662306212846640194e-004
  +1.73242055394355951156e-004
  +1.76851096492564214841e-004
  +1.80489210639702768804e-004
  +1.84156180603372578945e-004
  +1.87851790774324576292e-004
  +1.91575827154330904142e-004
  +1.95328077344148701849e-004
  +1.99108330531571248211e-004
  +2.02916377479570909665e-004
  +2.06752010514528309672e-004
  +2.10615023514551785028e-004
  +2.14505211897881735211e-004
  +2.18422372611383876304e-004
  +2.22366304119126872952e-004
  +2.26336806391045812026e-004
  +2.30333680891691138523e-004
  +2.34356730569059990834e-004
  +2.38405759843512754298e-004
  +2.42480574596770902815e-004
  +2.46580982160998676399e-004
  +2.50706791307964637315e-004
  +2.54857812238285571377e-004
  +2.59033856570749590215e-004
  +2.63234737331720738442e-004
  +2.67460268944620009959e-004
  +2.71710267219488004701e-004
  +2.75984549342623858986e-004
  +2.80282933866301100026e-004
  +2.84605240698562430342e-004
  +2.88951291093088346359e-004
  +2.93320907639143440074e-004
  +2.97713914251596914375e-004
  +3.02130136161016553051e-004
  +3.06569399903839777573e-004
  +3.11031533312614634924e-004
  +3.15516365506315812212e-004
  +3.20023726880733184411e-004
  +3.24553449098930672616e-004
  +3.29105365081777852254e-004
  +3.33679308998551438139e-004
  +3.38275116257606375293e-004
  +3.42892623497119300273e-004
  +3.47531668575897867771e-004
  +3.52192090564260821411e-004
  +3.56873729734985393504e-004
  +3.61576427554323497418e-004
  +3.66300026673083134725e-004
  +3.71044370919121596197e-004
  +3.75809305289715714273e-004
  +3.80594675936869243117e-004
  +3.85400330161723525361e-004
  +3.90226116406378813022e-004
  +3.95071884245367993191e-004
  +3.99937484377196124808e-004
  +4.04822768615941232847e-004
  +4.09727589882919504116e-004
  +4.14651802198412011528e-004
  +4.19595260673452858432e-004
  +4.24557821501679827185e-004
  +4.29539341951244875700e-004
  +4.34539680356784752992e-004
  +4.39558696111452872155e-004
  +4.44596249659010489194e-004
  +4.49652202485976266143e-004
  +4.54726417113834543732e-004
  +4.59818757091302919918e-004
  +4.64929086986656315336e-004
  +4.70057272380107471488e-004
  +4.75203179856248760556e-004
  +4.80366676996545277981e-004
  +4.85547632371887511946e-004
  +4.90745915535197789296e-004
  +4.95961397014091148402e-004
  +5.01193948303596168402e-004
  +5.06443441858921822828e-004
  +5.11709751088288084322e-004
  +5.16992750345800439540e-004
  +5.22292314924385227791e-004
  +5.27608321048774094042e-004
  +5.32940645868541459408e-004
  +5.38289167451193816503e-004
  +5.43653764775312259121e-004
  +5.49034317723741307343e-004
  +5.54430707076838339559e-004
  +5.59842814505761513649e-004
  +5.65270522565817752983e-004
  +5.70713714689854642592e-004
  +5.76172275181703608116e-004
  +5.81646089209671883838e-004
  +5.87135042800084896129e-004
  +5.92639022830872665495e-004
  +5.98157917025207057707e-004
  +6.03691613945188908230e-004
  +6.09240002985575478979e-004
  +6.14802974367562125174e-004
  +6.20380419132606246088e-004
  +6.25972229136297314382e-004
  +6.31578297042276128222e-004
  +6.37198516316193853612e-004
  +6.42832781219720940033e-004
  +6.48480986804601030465e-004
  +6.54143028906744444795e-004
  +6.59818804140372295458e-004
  +6.65508209892197357543e-004
  +6.71211144315654486929e-004
  +6.76927506325172021265e-004
  +6.82657195590482429072e-004
  +6.88400112530983482664e-004
  +6.94156158310132824496e-004
  +6.99925234829891431028e-004
  +7.05707244725202421584e-004
  +7.11502091358515837381e-004
  +7.17309678814354186559e-004
  +7.23129911893914852083e-004
  +7.28962696109716193002e-004
  +7.34807937680282568550e-004
  +7.40665543524867959861e-004
  +7.46535421258222526078e-004
  +7.52417479185393638097e-004
  +7.58311626296568979354e-004
  +7.64217772261957485266e-004
  +7.70135827426706928711e-004
  +7.76065702805863247282e-004
  +7.82007310079361529255e-004
  +7.87960561587061777099e-004
  +7.93925370323816438113e-004
  +7.99901649934575448460e-004
  +8.05889314709529007430e-004
  +8.11888279579287214585e-004
  +8.17898460110095268730e-004
  +8.23919772499081626629e-004
  +8.29952133569546819311e-004
  +8.35995460766283710226e-004
  +8.42049672150933098402e-004
  +8.48114686397376292895e-004
  +8.54190422787157502792e-004
  +8.60276801204947426903e-004
  +8.66373742134032322204e-004
  +8.72481166651845464581e-004
  +8.78598996425524738849e-004
  +8.84727153707506874802e-004
  +8.90865561331155727219e-004
  +8.97014142706419829315e-004
  +9.03172821815524098574e-004
  +9.09341523208696237042e-004
  +9.15520171999919369320e-004
  +9.21708693862722736045e-004
  +9.27907015025998191393e-004
  +9.34115062269852370821e-004
  +9.40332762921486939658e-004
  +9.46560044851110608810e-004
  +9.52796836467883893375e-004
  +9.59043066715889133168e-004
  +9.65298665070136834021e-004
  +9.71563561532593909960e-004
  +9.77837686628250848248e-004
  +9.84120971401213160551e-004
  +9.90413347410819613903e-004
  +9.96714746727794288772e-004
  +1.00302510193042552535e-003
  +1.00934434610077490221e-003
  +1.01567241282091180223e-003
  +1.02200923616917334867e-003
  +1.02835475071646489063e-003
  +1.03470889152257176404e-003
  +1.04107159413251051765e-003
  +1.04744279457290030526e-003
  +1.05382242934836767127e-003
  +1.06021043543797497191e-003
  +1.06660675029167264886e-003
  +1.07301131182678207744e-003
  +1.07942405842450248402e-003
  +1.08584492892644648640e-003
  +1.09227386263120013719e-003
  +1.09871079929090551854e-003
  +1.10515567910787456188e-003
  +1.11160844273122520233e-003
  +1.11806903125354355384e-003
  +1.12453738620756494952e-003
  +1.13101344956289423006e-003
  +1.13749716372273123634e-003
  +1.14398847152063988693e-003
  +1.15048731621732961555e-003
  +1.15699364149746001043e-003
  +1.16350739146647819654e-003
  +1.17002851064747183038e-003
  +1.17655694397804941667e-003
  +1.18309263680724382692e-003
  +1.18963553489243620102e-003
  +1.19618558439630586973e-003
  +1.20274273188380282848e-003
  +1.20930692431914102794e-003
  +1.21587810906281356543e-003
  +1.22245623386863498140e-003
  +1.22904124688080177048e-003
  +1.23563309663097219138e-003
  +1.24223173203537535017e-003
  +1.24883710239193394462e-003
  +1.25544915737741519766e-003
  +1.26206784704459957190e-003
  +1.26869312181946899964e-003
  +1.27532493249841983284e-003
  +1.28196323024549942854e-003
  +1.28860796658965119123e-003
  +1.29525909342199235796e-003
  +1.30191656299310652874e-003
  +1.30858032791036265133e-003
  +1.31525034113524116192e-003
  +1.32192655598069265174e-003
  +1.32860892610851257997e-003
  +1.33529740552673116538e-003
  +1.34199194858703081679e-003
  +1.34869250998217288760e-003
  +1.35539904474345457124e-003
  +1.36211150823817750584e-003
  +1.36882985616713611157e-003
  +1.37555404456212305823e-003
  +1.38228402978346292217e-003
  +1.38901976851755321572e-003
  +1.39576121777442883551e-003
  +1.40250833488534125577e-003
  +1.40926107750036395949e-003
  +1.41601940358600350729e-003
  +1.42278327142284183142e-003
  +1.42955263960318633594e-003
  +1.43632746702873886208e-003
  +1.44310771290828481969e-003
  +1.44989333675540161758e-003
  +1.45668429838617967051e-003
  +1.46348055791696010294e-003
  +1.47028207576209348634e-003
  +1.47708881263171223734e-003
  +1.48390072952952058009e-003
  +1.49071778775060163891e-003
  +1.49753994887923862558e-003
  +1.50436717478675640973e-003
  +1.51119942762937609949e-003
  +1.51803666984608393378e-003
  +1.52487886415652077431e-003
  +1.53172597355888309018e-003
  +1.53857796132784692758e-003
  +1.54543479101249426472e-003
  +1.55229642643426972437e-003
  +1.55916283168493858755e-003
  +1.56603397112457299635e-003
  +1.57290980937954466209e-003
  +1.57979031134053557114e-003
  +1.58667544216056213488e-003
  +1.59356516725301820478e-003
  +1.60045945228972307482e-003
  +1.60735826319899680580e-003
  +1.61426156616374140429e-003
  +1.62116932761953718052e-003
  +1.62808151425275905548e-003
  +1.63499809299869481964e-003
  +1.64191903103969526721e-003
  +1.64884429580332107779e-003
  +1.65577385496051268307e-003
  +1.66270767642376880724e-003
  +1.66964572834535016077e-003
  +1.67658797911547771328e-003
  +1.68353439736056067350e-003
  +1.69048495194143054074e-003
  +1.69743961195158838372e-003
  +1.70439834671546838231e-003
  +1.71136112578670874194e-003
  +1.71832791894644147310e-003
  +1.72529869620159648225e-003
  +1.73227342778320696388e-003
  +1.73925208414473929548e-003
  +1.74623463596042943768e-003
  +1.75322105412363473016e-003
  +1.76021130974519696318e-003
  +1.76720537415181260486e-003
  +1.77420321888442709783e-003
  +1.78120481569662937257e-003
  +1.78821013655306435865e-003
  +1.79521915362785655472e-003
  +1.80223183930304162170e-003
  +1.80924816616701965993e-003
  +1.81626810701300458323e-003
  +1.82329163483749929694e-003
  +1.83031872283877564654e-003
  +1.83734934441536715971e-003
  +1.84438347316457328107e-003
  +1.85142108288096946152e-003
  +1.85846214755494175061e-003
  +1.86550664137121401630e-003
  +1.87255453870740357081e-003
  +1.87960581413257614598e-003
  +1.88666044240581864955e-003
  +1.89371839847481062032e-003
  +1.90077965747442842633e-003
  +1.90784419472533298308e-003
  +1.91491198573259238311e-003
  +1.92198300618429520140e-003
  +1.92905723195019589318e-003
  +1.93613463908034176032e-003
  +1.94321520380373417847e-003
  +1.95029890252699004104e-003
  +1.95738571183301643050e-003
  +1.96447560847969222853e-003
  +1.97156856939855688188e-003
  +1.97866457169351825027e-003
  +1.98576359263956695941e-003
  +1.99286560968148663414e-003
  +1.99997060043259579018e-003
  +2.00707854267348625651e-003
  +2.01418941435076853663e-003
  +2.02130319357583755277e-003
  +2.02841985862364142593e-003
  +2.03553938793145199060e-003
  +2.04266176009765872829e-003
  +2.04978695388056400203e-003
</dep>
