<Qucs Dataset 0.0.19>
<indep time 401>
  +0.00000000000000000000e+000
  +1.00000000000000004792e-004
  +2.00000000000000009584e-004
  +3.00000000000000027929e-004
  +4.00000000000000019169e-004
  +5.00000000000000010408e-004
  +6.00000000000000055858e-004
  +6.99999999999999992888e-004
  +8.00000000000000038337e-004
  +8.99999999999999975367e-004
  +1.00000000000000002082e-003
  +1.10000000000000006627e-003
  +1.20000000000000011172e-003
  +1.29999999999999994033e-003
  +1.39999999999999998578e-003
  +1.50000000000000003123e-003
  +1.60000000000000007667e-003
  +1.70000000000000012212e-003
  +1.79999999999999995073e-003
  +1.89999999999999999618e-003
  +2.00000000000000004163e-003
  +2.09999999999999987024e-003
  +2.20000000000000013253e-003
  +2.29999999999999996114e-003
  +2.40000000000000022343e-003
  +2.50000000000000005204e-003
  +2.59999999999999988065e-003
  +2.70000000000000014294e-003
  +2.79999999999999997155e-003
  +2.90000000000000023384e-003
  +3.00000000000000006245e-003
  +3.09999999999999989106e-003
  +3.20000000000000015335e-003
  +3.29999999999999998196e-003
  +3.40000000000000024425e-003
  +3.50000000000000007286e-003
  +3.59999999999999990147e-003
  +3.70000000000000016376e-003
  +3.79999999999999999237e-003
  +3.90000000000000025466e-003
  +4.00000000000000008327e-003
  +4.10000000000000034556e-003
  +4.19999999999999974049e-003
  +4.30000000000000000278e-003
  +4.40000000000000026507e-003
  +4.50000000000000052736e-003
  +4.59999999999999992228e-003
  +4.70000000000000018457e-003
  +4.80000000000000044686e-003
  +4.89999999999999984179e-003
  +5.00000000000000010408e-003
  +5.10000000000000036637e-003
  +5.19999999999999976130e-003
  +5.30000000000000002359e-003
  +5.40000000000000028588e-003
  +5.49999999999999968081e-003
  +5.59999999999999994310e-003
  +5.70000000000000020539e-003
  +5.80000000000000046768e-003
  +5.89999999999999986261e-003
  +6.00000000000000012490e-003
  +6.10000000000000038719e-003
  +6.19999999999999978212e-003
  +6.30000000000000004441e-003
  +6.40000000000000030670e-003
  +6.50000000000000056899e-003
  +6.59999999999999996392e-003
  +6.70000000000000022621e-003
  +6.80000000000000048850e-003
  +6.89999999999999988343e-003
  +7.00000000000000014572e-003
  +7.10000000000000040801e-003
  +7.19999999999999980294e-003
  +7.30000000000000006523e-003
  +7.40000000000000032752e-003
  +7.49999999999999972244e-003
  +7.59999999999999998473e-003
  +7.70000000000000024702e-003
  +7.80000000000000050931e-003
  +7.90000000000000077161e-003
  +8.00000000000000016653e-003
  +8.09999999999999956146e-003
  +8.20000000000000069111e-003
  +8.30000000000000008604e-003
  +8.39999999999999948097e-003
  +8.50000000000000061062e-003
  +8.60000000000000000555e-003
  +8.69999999999999940048e-003
  +8.80000000000000053013e-003
  +8.89999999999999992506e-003
  +9.00000000000000105471e-003
  +9.10000000000000044964e-003
  +9.19999999999999984457e-003
  +9.30000000000000097422e-003
  +9.40000000000000036915e-003
  +9.49999999999999976408e-003
  +9.60000000000000089373e-003
  +9.70000000000000028866e-003
  +9.79999999999999968359e-003
  +9.90000000000000081324e-003
  +1.00000000000000002082e-002
  +1.00999999999999996031e-002
  +1.02000000000000007327e-002
  +1.03000000000000001277e-002
  +1.03999999999999995226e-002
  +1.05000000000000006523e-002
  +1.06000000000000000472e-002
  +1.06999999999999994421e-002
  +1.08000000000000005718e-002
  +1.08999999999999999667e-002
  +1.09999999999999993616e-002
  +1.11000000000000004913e-002
  +1.11999999999999998862e-002
  +1.13000000000000010159e-002
  +1.14000000000000004108e-002
  +1.14999999999999998057e-002
  +1.16000000000000009354e-002
  +1.17000000000000003303e-002
  +1.17999999999999997252e-002
  +1.19000000000000008549e-002
  +1.20000000000000002498e-002
  +1.20999999999999996447e-002
  +1.22000000000000007744e-002
  +1.23000000000000001693e-002
  +1.23999999999999995642e-002
  +1.25000000000000006939e-002
  +1.26000000000000000888e-002
  +1.26999999999999994837e-002
  +1.28000000000000006134e-002
  +1.29000000000000000083e-002
  +1.30000000000000011380e-002
  +1.31000000000000005329e-002
  +1.31999999999999999278e-002
  +1.33000000000000010575e-002
  +1.34000000000000004524e-002
  +1.34999999999999998473e-002
  +1.36000000000000009770e-002
  +1.37000000000000003719e-002
  +1.37999999999999997669e-002
  +1.39000000000000008965e-002
  +1.40000000000000002914e-002
  +1.40999999999999996864e-002
  +1.42000000000000008160e-002
  +1.43000000000000002109e-002
  +1.43999999999999996059e-002
  +1.45000000000000007355e-002
  +1.46000000000000001305e-002
  +1.46999999999999995254e-002
  +1.48000000000000006550e-002
  +1.49000000000000000500e-002
  +1.49999999999999994449e-002
  +1.51000000000000005745e-002
  +1.51999999999999999695e-002
  +1.53000000000000010991e-002
  +1.54000000000000004940e-002
  +1.54999999999999998890e-002
  +1.56000000000000010186e-002
  +1.56999999999999986788e-002
  +1.58000000000000015432e-002
  +1.59000000000000009381e-002
  +1.60000000000000003331e-002
  +1.60999999999999997280e-002
  +1.61999999999999991229e-002
  +1.63000000000000019873e-002
  +1.64000000000000013822e-002
  +1.65000000000000007772e-002
  +1.66000000000000001721e-002
  +1.66999999999999995670e-002
  +1.67999999999999989619e-002
  +1.69000000000000018263e-002
  +1.70000000000000012212e-002
  +1.71000000000000006162e-002
  +1.72000000000000000111e-002
  +1.72999999999999994060e-002
  +1.73999999999999988010e-002
  +1.75000000000000016653e-002
  +1.76000000000000010603e-002
  +1.77000000000000004552e-002
  +1.77999999999999998501e-002
  +1.78999999999999992450e-002
  +1.80000000000000021094e-002
  +1.81000000000000015044e-002
  +1.82000000000000008993e-002
  +1.83000000000000002942e-002
  +1.83999999999999996891e-002
  +1.84999999999999990841e-002
  +1.86000000000000019484e-002
  +1.87000000000000013434e-002
  +1.88000000000000007383e-002
  +1.89000000000000001332e-002
  +1.89999999999999995282e-002
  +1.90999999999999989231e-002
  +1.92000000000000017875e-002
  +1.93000000000000011824e-002
  +1.94000000000000005773e-002
  +1.94999999999999999722e-002
  +1.95999999999999993672e-002
  +1.96999999999999987621e-002
  +1.98000000000000016265e-002
  +1.99000000000000010214e-002
  +2.00000000000000004163e-002
  +2.00999999999999998113e-002
  +2.01999999999999992062e-002
  +2.03000000000000020706e-002
  +2.04000000000000014655e-002
  +2.05000000000000008604e-002
  +2.06000000000000002554e-002
  +2.06999999999999996503e-002
  +2.07999999999999990452e-002
  +2.09000000000000019096e-002
  +2.10000000000000013045e-002
  +2.11000000000000006994e-002
  +2.12000000000000000944e-002
  +2.12999999999999994893e-002
  +2.13999999999999988842e-002
  +2.15000000000000017486e-002
  +2.16000000000000011435e-002
  +2.17000000000000005385e-002
  +2.17999999999999999334e-002
  +2.18999999999999993283e-002
  +2.19999999999999987232e-002
  +2.21000000000000015876e-002
  +2.22000000000000009825e-002
  +2.23000000000000003775e-002
  +2.23999999999999997724e-002
  +2.24999999999999991673e-002
  +2.26000000000000020317e-002
  +2.27000000000000014266e-002
  +2.28000000000000008216e-002
  +2.29000000000000002165e-002
  +2.29999999999999996114e-002
  +2.30999999999999990064e-002
  +2.32000000000000018707e-002
  +2.33000000000000012657e-002
  +2.34000000000000006606e-002
  +2.35000000000000000555e-002
  +2.35999999999999994504e-002
  +2.36999999999999988454e-002
  +2.38000000000000017097e-002
  +2.39000000000000011047e-002
  +2.40000000000000004996e-002
  +2.40999999999999998945e-002
  +2.41999999999999992895e-002
  +2.43000000000000021538e-002
  +2.44000000000000015488e-002
  +2.45000000000000009437e-002
  +2.46000000000000003386e-002
  +2.46999999999999997335e-002
  +2.47999999999999991285e-002
  +2.49000000000000019929e-002
  +2.50000000000000013878e-002
  +2.51000000000000007827e-002
  +2.52000000000000001776e-002
  +2.52999999999999995726e-002
  +2.53999999999999989675e-002
  +2.55000000000000018319e-002
  +2.56000000000000012268e-002
  +2.57000000000000006217e-002
  +2.58000000000000000167e-002
  +2.58999999999999994116e-002
  +2.60000000000000022760e-002
  +2.61000000000000016709e-002
  +2.62000000000000010658e-002
  +2.63000000000000004607e-002
  +2.63999999999999998557e-002
  +2.64999999999999992506e-002
  +2.66000000000000021150e-002
  +2.67000000000000015099e-002
  +2.68000000000000009048e-002
  +2.69000000000000002998e-002
  +2.69999999999999996947e-002
  +2.70999999999999990896e-002
  +2.72000000000000019540e-002
  +2.73000000000000013489e-002
  +2.74000000000000007438e-002
  +2.75000000000000001388e-002
  +2.75999999999999995337e-002
  +2.76999999999999989286e-002
  +2.78000000000000017930e-002
  +2.79000000000000011879e-002
  +2.80000000000000005829e-002
  +2.80999999999999999778e-002
  +2.81999999999999993727e-002
  +2.83000000000000022371e-002
  +2.84000000000000016320e-002
  +2.85000000000000010270e-002
  +2.86000000000000004219e-002
  +2.86999999999999998168e-002
  +2.87999999999999992117e-002
  +2.89000000000000020761e-002
  +2.90000000000000014710e-002
  +2.91000000000000008660e-002
  +2.92000000000000002609e-002
  +2.92999999999999996558e-002
  +2.93999999999999990508e-002
  +2.95000000000000019151e-002
  +2.96000000000000013101e-002
  +2.97000000000000007050e-002
  +2.98000000000000000999e-002
  +2.98999999999999994948e-002
  +2.99999999999999988898e-002
  +3.01000000000000017542e-002
  +3.02000000000000011491e-002
  +3.03000000000000005440e-002
  +3.03999999999999999389e-002
  +3.04999999999999993339e-002
  +3.06000000000000021982e-002
  +3.07000000000000015932e-002
  +3.08000000000000009881e-002
  +3.09000000000000003830e-002
  +3.09999999999999997780e-002
  +3.10999999999999991729e-002
  +3.12000000000000020373e-002
  +3.13000000000000014322e-002
  +3.13999999999999973577e-002
  +3.15000000000000002220e-002
  +3.16000000000000030864e-002
  +3.16999999999999990119e-002
  +3.18000000000000018763e-002
  +3.18999999999999978018e-002
  +3.20000000000000006661e-002
  +3.21000000000000035305e-002
  +3.21999999999999994560e-002
  +3.23000000000000023204e-002
  +3.23999999999999982458e-002
  +3.25000000000000011102e-002
  +3.26000000000000039746e-002
  +3.26999999999999999001e-002
  +3.28000000000000027645e-002
  +3.28999999999999986899e-002
  +3.30000000000000015543e-002
  +3.30999999999999974798e-002
  +3.32000000000000003442e-002
  +3.33000000000000032085e-002
  +3.33999999999999991340e-002
  +3.35000000000000019984e-002
  +3.35999999999999979239e-002
  +3.37000000000000007883e-002
  +3.38000000000000036526e-002
  +3.38999999999999995781e-002
  +3.40000000000000024425e-002
  +3.40999999999999983680e-002
  +3.42000000000000012323e-002
  +3.43000000000000040967e-002
  +3.44000000000000000222e-002
  +3.45000000000000028866e-002
  +3.45999999999999988121e-002
  +3.47000000000000016764e-002
  +3.47999999999999976019e-002
  +3.49000000000000004663e-002
  +3.50000000000000033307e-002
  +3.50999999999999992562e-002
  +3.52000000000000021205e-002
  +3.52999999999999980460e-002
  +3.54000000000000009104e-002
  +3.55000000000000037748e-002
  +3.55999999999999997002e-002
  +3.57000000000000025646e-002
  +3.57999999999999984901e-002
  +3.59000000000000013545e-002
  +3.60000000000000042188e-002
  +3.61000000000000001443e-002
  +3.62000000000000030087e-002
  +3.62999999999999989342e-002
  +3.64000000000000017986e-002
  +3.64999999999999977240e-002
  +3.66000000000000005884e-002
  +3.67000000000000034528e-002
  +3.67999999999999993783e-002
  +3.69000000000000022427e-002
  +3.69999999999999981681e-002
  +3.71000000000000010325e-002
  +3.72000000000000038969e-002
  +3.72999999999999998224e-002
  +3.74000000000000026867e-002
  +3.74999999999999986122e-002
  +3.76000000000000014766e-002
  +3.76999999999999974021e-002
  +3.78000000000000002665e-002
  +3.79000000000000031308e-002
  +3.79999999999999990563e-002
  +3.81000000000000019207e-002
  +3.81999999999999978462e-002
  +3.83000000000000007105e-002
  +3.84000000000000035749e-002
  +3.84999999999999995004e-002
  +3.86000000000000023648e-002
  +3.86999999999999982903e-002
  +3.88000000000000011546e-002
  +3.89000000000000040190e-002
  +3.89999999999999999445e-002
  +3.91000000000000028089e-002
  +3.91999999999999987343e-002
  +3.93000000000000015987e-002
  +3.93999999999999975242e-002
  +3.95000000000000003886e-002
  +3.96000000000000032530e-002
  +3.96999999999999991784e-002
  +3.98000000000000020428e-002
  +3.98999999999999979683e-002
  +4.00000000000000008327e-002
</indep>
<dep V1.It time>
  +0.00000000000000000000e+000
  -9.05289066281320803364e-003
  -8.19135418991999431082e-003
  -7.41180394399853018084e-003
  -6.70637896262509317080e-003
  -6.06805476398823533113e-003
  -5.49048731423720272338e-003
  -4.96789368591435236133e-003
  -4.49504138012501476551e-003
  -4.06719593584003048098e-003
  -3.68007352583116622083e-003
  -3.32979806460351841421e-003
  -3.01286239886556193868e-003
  -2.72609319195420965118e-003
  -2.46661915061813707614e-003
  -2.23184227602822539069e-003
  -2.01941185116420729440e-003
  -1.82720090412467678007e-003
  -1.65328491169805871785e-003
  -1.49592252996277614435e-003
  -1.35353815898062645670e-003
  -1.22470616701137119745e-003
  -1.10813661629258143788e-003
  -1.00266234746327850304e-003
  -9.07227293313384898499e-004
  -8.20875904849781789195e-004
  -7.42743583806824200083e-004
  -6.72048025806240892886e-004
  -6.08081387489352895130e-004
  -5.50203199194546901593e-004
  -4.97833952217810395309e-004
  -4.50449296448329761233e-004
  -4.07574790282732007246e-004
  -3.68781150251100723822e-004
  -3.33679952791440500096e-004
  -3.01919745136341782701e-004
  -2.73182526371812200126e-004
  -2.47180563434779899425e-004
  -2.23653510169160804101e-004
  -2.02365800594936487205e-004
  -1.83104290290172502190e-004
  -1.65676122270172140622e-004
  -1.49906795995780950988e-004
  -1.35638420176654501568e-004
  -1.22728131875600617040e-004
  -1.11046666085153240833e-004
  -1.00477061454229855009e-004
  -9.09134892058389667462e-005
  -8.22601935203408671888e-005
  -7.44305327747660808125e-005
  -6.73461120385780969561e-005
  -6.09359981398665002798e-005
  -5.51360094429060877122e-005
  -4.98880732257873661358e-005
  -4.51396442239584429722e-005
  -4.08431785177132411491e-005
  -3.69556574959553055162e-005
  -3.34381571298596479190e-005
  -3.02554582438041566529e-005
  -2.73756938813232163807e-005
  -2.47700302353663905585e-005
  -2.24123779481484331757e-005
  -2.02791308899357139905e-005
  -1.83489298013164165563e-005
  -1.66024484323763502828e-005
  -1.50222000375190837716e-005
  -1.35923622883922229213e-005
  -1.22986188519291775247e-005
  -1.11280160472340126411e-005
  -1.00688331460947463685e-005
  -9.11046501852119653049e-006
  -8.24331594827221284276e-006
  -7.45870355518896175175e-006
  -6.74877186235001124413e-006
  -6.10641263767774969499e-006
  -5.52519422231156884825e-006
  -4.99929713329727575688e-006
  -4.52345579564727952386e-006
  -4.09290582047994216708e-006
  -3.70333630129593387853e-006
  -3.35084665077367543630e-006
  -3.03190754592641548279e-006
  -2.74332559054180073917e-006
  -2.48221134111759028613e-006
  -2.24595037614427909731e-006
  -2.03217711907122139679e-006
  -1.83875115280152093473e-006
  -1.66373578868039834070e-006
  -1.50537867525635267718e-006
  -1.36209425278544005481e-006
  -1.23244787771348314470e-006
  -1.11514145821445260890e-006
  -1.00900045699248116550e-006
  -9.12962131133454638215e-007
  -8.26064891354505556782e-007
  -7.47438674027378787117e-007
  -6.76296229606520873337e-007
  -6.11925240255217901505e-007
  -5.53681187719589994580e-007
  -5.00980900065783661494e-007
  -4.53296712615625557773e-007
  +9.05245434534744826405e-003
  +8.19088979725806666521e-003
  +7.41126901539110663486e-003
  +6.70585367134145671902e-003
  +6.06758078381135993601e-003
  +5.49005963631655699575e-003
  +4.96750779004533331989e-003
  +4.49469318710660897809e-003
  +4.06688176447494477428e-003
  +3.67979005411622414612e-003
  +3.32954229470225305729e-003
  +3.01263162549463741138e-003
  +2.72588497385105928833e-003
  +2.46643128478976061610e-003
  +2.23167277451013059200e-003
  +2.01925892004498411247e-003
  +1.82706292461548981503e-003
  +1.65316042304774969869e-003
  +1.49581021403877713165e-003
  +1.35343682635336655558e-003
  +1.22461474439563232884e-003
  +1.10805413521356975123e-003
  +1.00258793402804055432e-003
  +9.07160158979843024747e-004
  +8.20815338096136069834e-004
  +7.42688942613545406701e-004
  +6.71998730871452916620e-004
  +6.08036916106102927858e-004
  +5.50163079725432741830e-004
  +4.97797759108682832084e-004
  +4.50416645728565377335e-004
  +4.07545335504571324715e-004
  +3.68754578825281867545e-004
  +3.33655982680449683837e-004
  +3.01898121870382589102e-004
  +2.73163020356069952046e-004
  +2.47162967519511220411e-004
  +2.23637637457003957912e-004
  +2.02351482462283179019e-004
  +1.83091374601719163737e-004
  +1.65664471767808268348e-004
  +1.49896286844793824198e-004
  +1.35628940653905946667e-004
  +1.22719581185807354202e-004
  +1.11038953292792093330e-004
  +1.00470104519757139527e-004
  +9.09072141160589781506e-005
  +8.22545335037236499329e-005
  +7.44254275934302337182e-005
  +6.73415073494298201421e-005
  +6.09318449181958226310e-005
  +5.51322634622687318489e-005
  +4.98846945887455818416e-005
  +4.51365969386598417140e-005
  +4.08404301158670919570e-005
  +3.69531786881437866819e-005
  +3.34359214945525193372e-005
  +3.02534419467563549027e-005
  +2.73738754224219178800e-005
  +2.47683902202279640850e-005
  +2.24108988820409718156e-005
  +2.02777969918645290990e-005
  +1.83477268362839314203e-005
  +1.66013635600531317762e-005
  +1.50212216757026869110e-005
  +1.35914799898447598883e-005
  +1.22978231932462951360e-005
  +1.11272985285890071446e-005
  +1.00681861008000374306e-005
  +9.10988153143379081117e-006
  +8.24278978217972734595e-006
  +7.45822908440314030971e-006
  +6.74834401281156537924e-006
  +6.10602683289583262591e-006
  +5.52484633463585214153e-006
  +4.99898343991768785770e-006
  +4.52317293892996344178e-006
  +4.09265077217482966301e-006
  +3.70310633025357969329e-006
  +3.35063929382790129995e-006
  +3.03172058161635213532e-006
  +2.74315701541709499011e-006
  +2.48205934836519258684e-006
  +2.24581333630671809034e-006
  +2.03205356264149308886e-006
  +1.83863975455528521976e-006
  +1.66363535350743929778e-006
  +1.50528812541054101665e-006
  +1.36201261636139366601e-006
  +1.23237427826096018090e-006
  +1.11507510538084605855e-006
  +1.00894063806223576428e-006
  +9.12908203421649698714e-007
  +8.26016275323361889754e-007
  +7.47394847085125094807e-007
  +6.76256720523723020904e-007
  +6.11889624121817917196e-007
  +5.53649081399116564010e-007
  +5.00951958082331765831e-007
  +4.53270623464855828992e-007
  -9.05247861995002282842e-003
  -8.19096895967354882151e-003
  -7.41131712181945356138e-003
  -6.70586668944477427151e-003
  -6.06756495741007321337e-003
  -5.49002033851032217315e-003
  -4.96744963240118835718e-003
  -4.49462011594992192492e-003
  -4.06679714574911116420e-003
  -3.67969674811499756345e-003
  -3.32944272183361084441e-003
  -3.01252782410654611212e-003
  -2.72577865103446016423e-003
  -2.46632386097173561187e-003
  -2.23156542255917951165e-003
  -2.01915259952911100433e-003
  -1.82695841178146705167e-003
  -1.65305833702587357328e-003
  -1.49571103971994114057e-003
  -1.35334093433455045219e-003
  -1.22452240834462593166e-003
  -1.10796554696353938274e-003
  -1.00250321667672177839e-003
  -9.07079378236520751308e-004
  -8.20738512091260456575e-004
  -7.42616050360842537038e-004
  -6.71929719550215455610e-004
  -6.07971707311534765097e-004
  -5.50101574817569299869e-004
  -4.97739843774844779867e-004
  -4.50362193860589956999e-004
  -4.07494212479946342400e-004
  -3.68706644270533356617e-004
  -3.33611092785590234062e-004
  -3.01856131314878002765e-004
  -2.73123783899315258732e-004
  -2.47126341302193340468e-004
  -2.23603480054016754688e-004
  -2.02319655722691407957e-004
  -1.83061744306746378066e-004
  -1.65636908133935277163e-004
  -1.49870664895429322929e-004
  -1.35605140480134158006e-004
  -1.22697488113958656699e-004
  -1.11018457974171986212e-004
  -1.00451102955878120919e-004
  -9.08896076308298784315e-005
  -8.22382286724554500707e-005
  -7.44103361371433212135e-005
  -6.73275460016942162156e-005
  -6.09189352707080228506e-005
  -5.51203317944111130674e-005
  -4.98736716855709954891e-005
  -4.51264179010681963969e-005
  -4.08310341660929039618e-005
  -3.69445089731659247786e-005
  -3.34279248895814632618e-005
  -3.02460688605989972343e-005
  -2.73670796061047390366e-005
  -2.47621285800470047889e-005
  -2.24051312978943434752e-005
  -2.02724861416090360641e-005
  -1.83428380265908686213e-005
  -1.65968645640965923173e-005
  -1.50170825779341049483e-005
  -1.35876730379731475439e-005
  -1.22943226574605552067e-005
  -1.11240805679759804329e-005
  -1.00652286368738677006e-005
  -9.10716412861845107116e-006
  -8.24029353508492993911e-006
  -7.45593651167375545908e-006
  -6.74623895731585314524e-006
  -6.10409436801795417048e-006
  -5.52307267640728148851e-006
  -4.99735586473448745588e-006
  -4.52167970656347524138e-006
  -4.09128105384937149265e-006
  -3.70185014150870041319e-006
  -3.34948743188512286381e-006
  -3.03066456704037504749e-006
  -2.74218903778233881431e-006
  -2.48117221572918839344e-006
  -2.24500042823017100240e-006
  -2.03130878655244403292e-006
  -1.83795750523252359739e-006
  -1.66301047551442596819e-006
  -1.50471587825151665950e-006
  -1.36148864219265393279e-006
  -1.23189457199934801284e-006
  -1.11463598703309662972e-006
  -1.00853872711503823585e-006
  -9.12540395182403722013e-007
  -8.25679719030247763879e-007
  -7.47086925702689127050e-007
  -6.75975032084608453472e-007
  -6.11631964472891409437e-007
  -5.53413428324489505570e-007
  -5.00736456620743255813e-007
  -4.53073572408868951544e-007
  +9.05245458664058824660e-003
  +8.19088918043419170201e-003
  +7.41126839635046150145e-003
  +6.70585305609415309458e-003
  +6.06758017724350236233e-003
  +5.49005904234971166961e-003
  +4.96750721177595735978e-003
  +4.49469262692754438493e-003
  +4.06688122418129727881e-003
  +3.67978953499749220427e-003
  +3.32954179762232072015e-003
  +3.01263115096108173227e-003
  +2.72588452207520948525e-003
  +2.46643085573843099528e-003
  +2.23167236795026799334e-003
  +2.01925853558204476332e-003
  +1.82706256172628111502e-003
  +1.65316008110846725428e-003
  +1.49580989234894263899e-003
  +1.35343652415602757125e-003
  +1.22461446089449266413e-003
  +1.10805386958733520161e-003
  +1.00258768544236507268e-003
  +9.07159926597285817297e-004
  +8.20815121084284547194e-004
  +7.42688740151657440097e-004
  +6.71998542155780921072e-004
  +6.08036740354079858345e-004
  +5.50162916178934782892e-004
  +4.97797607036455517018e-004
  +4.50416504427986392513e-004
  +4.07545204302815322183e-004
  +3.68754457080021998041e-004
  +3.33655869780145018788e-004
  +3.01898017234231770978e-004
  +2.73162923433708539327e-004
  +2.47162877790469911760e-004
  +2.23637554430010420184e-004
  +2.02351405674418971655e-004
  +1.83091303617467646625e-004
  +1.65664406178038406230e-004
  +1.49896226265678098695e-004
  +1.35628884725812545601e-004
  +1.22719529572172086343e-004
  +1.11038905678982645960e-004
  +1.00470060611949790785e-004
  +9.09071736401255008639e-005
  +8.22544962041464047201e-005
  +7.44253932322403013782e-005
  +6.73414757051831217808e-005
  +6.09318157849831685386e-005
  +5.51322366487632685764e-005
  +4.98846699172941155840e-005
  +4.51365742444115598917e-005
  +4.08404092459470691233e-005
  +3.69531595008666804503e-005
  +3.34359038586763614598e-005
  +3.02534257407796663899e-005
  +2.73738605339169788742e-005
  +2.47683765452152224314e-005
  +2.24108863243992336919e-005
  +2.02777854627765623989e-005
  +1.83477162537175056075e-005
  +1.66013538482733606877e-005
  +1.50212127648170483976e-005
  +1.35914718153765893150e-005
  +1.22978156957372694315e-005
  +1.11272916532279614110e-005
  +1.00681797970767859666e-005
  +9.10987575281713261876e-006
  +8.24278448581742706101e-006
  +7.45822423084328400817e-006
  +6.74833956574348030371e-006
  +6.10602275890939260927e-006
  +5.52484260299846314932e-006
  +4.99898002236705544832e-006
  +4.52316980948245410328e-006
  +4.09264790694759812934e-006
  +3.70310370730014544964e-006
  +3.35063689298590584550e-006
  +3.03171838436665378182e-006
  +2.74315500475374422236e-006
  +2.48205750867505512832e-006
  +2.24581165325845852996e-006
  +2.03205202308301147309e-006
  +1.83863834641903570971e-006
  +1.66363406572315295317e-006
  +1.50528694782468122104e-006
  +1.36201153966296112287e-006
  +1.23237329391308928562e-006
  +1.11507420555776722418e-006
  +1.00893981559128246380e-006
  +9.12907451729792580731e-007
  +8.26015588388075679451e-007
  +7.47394219389114153543e-007
  +6.76256147013323452290e-007
  +6.11889100168721418755e-007
  +5.53648602765171443663e-007
  +5.00951520887212435447e-007
  +4.53270224156332212645e-007
</dep>
<dep Vout.Vt time>
  +0.00000000000000000000e+000
  +9.47109337186792799024e-001
  +1.80864581008000624429e+000
  +2.58819605600147006896e+000
  +3.29362103737490663491e+000
  +3.93194523601176459948e+000
  +4.50951268576279762357e+000
  +5.03210631408564790235e+000
  +5.50495861987498535939e+000
  +5.93280406415996974800e+000
  +6.31992647416883368550e+000
  +6.67020193539648165171e+000
  +6.98713760113443793642e+000
  +7.27390680804579048413e+000
  +7.53338084938186280937e+000
  +7.76815772397177450870e+000
  +7.98058814883579259458e+000
  +8.17279909587532316095e+000
  +8.34671508830194142092e+000
  +8.50407747003722391810e+000
  +8.64646184101937365085e+000
  +8.77529383298862875051e+000
  +8.89186338370741857773e+000
  +8.99733765253672146400e+000
  +9.09277270668661508068e+000
  +9.17912409515021820994e+000
  +9.25725641619317585196e+000
  +9.32795197419375909931e+000
  +9.39191861251064707972e+000
  +9.44979680080545314524e+000
  +9.50216604778218965066e+000
  +9.54955070355167023877e+000
  +9.59242520971726797541e+000
  +9.63121884974889930220e+000
  +9.66632004720855952939e+000
  +9.69808025486365821166e+000
  +9.72681747362818782676e+000
  +9.75281943656522010144e+000
  +9.77634648983083920371e+000
  +9.79763419940506352646e+000
  +9.81689570970982749998e+000
  +9.83432387772982785634e+000
  +9.85009320400421906072e+000
  +9.86436157982334549388e+000
  +9.87727186812439938990e+000
  +9.88895333391484676611e+000
  +9.89952293854577014542e+000
  +9.90908651079416102903e+000
  +9.91773980647965913704e+000
  +9.92556946722523392168e+000
  +9.93265388796142190131e+000
  +9.93906400186013350151e+000
  +9.94486399055709391348e+000
  +9.95011192677421263397e+000
  +9.95486035577604155833e+000
  +9.95915682148228675885e+000
  +9.96304434250404469253e+000
  +9.96656184287014035306e+000
  +9.96974454175619584362e+000
  +9.97262430611867678465e+000
  +9.97522996976463360852e+000
  +9.97758762205185156802e+000
  +9.97972086911006428522e+000
  +9.98165107019868358407e+000
  +9.98339755156762365118e+000
  +9.98497779996248091550e+000
  +9.98640763771160777651e+000
  +9.98770138114807082275e+000
  +9.98887198395276598717e+000
  +9.98993116685390525333e+000
  +9.99088953498147880339e+000
  +9.99175668405172778819e+000
  +9.99254129644481103867e+000
  +9.99325122813764998853e+000
  +9.99389358736232225056e+000
  +9.99447480577768843091e+000
  +9.99500070286670272424e+000
  +9.99547654420435272016e+000
  +9.99590709417952005822e+000
  +9.99629666369870406584e+000
  +9.99664915334922632439e+000
  +9.99696809245407358446e+000
  +9.99725667440945819919e+000
  +9.99751778865888240944e+000
  +9.99775404962385572105e+000
  +9.99796782288092877877e+000
  +9.99816124884719847898e+000
  +9.99833626421131960171e+000
  +9.99849462132474364751e+000
  +9.99863790574721456039e+000
  +9.99876755212228651715e+000
  +9.99888485854178554746e+000
  +9.99899099954300751847e+000
  +9.99908703786886654541e+000
  +9.99917393510864549455e+000
  +9.99925256132597262138e+000
  +9.99932370377039347886e+000
  +9.99938807475974478223e+000
  +9.99944631881228040982e+000
  +9.99949901909993421611e+000
  +9.99954670328738259855e+000
  +9.05245434534744752852e+000
  +8.19088979725806609622e+000
  +7.41126901539110605199e+000
  +6.70585367134145649004e+000
  +6.06758078381136023438e+000
  +5.49005963631655724555e+000
  +4.96750779004533349337e+000
  +4.49469318710660914462e+000
  +4.06688176447494509347e+000
  +3.67979005411622406285e+000
  +3.32954229470225282483e+000
  +3.01263162549463725526e+000
  +2.72588497385105910098e+000
  +2.46643128478976070284e+000
  +2.23167277451013035261e+000
  +2.01925892004498397370e+000
  +1.82706292461548969186e+000
  +1.65316042304774968308e+000
  +1.49581021403877700848e+000
  +1.35343682635336648445e+000
  +1.22461474439563233751e+000
  +1.10805413521356976858e+000
  +1.00258793402804058381e+000
  +9.07160158979843034288e-001
  +8.20815338096136049018e-001
  +7.42688942613545344251e-001
  +6.71998730871452898405e-001
  +6.08036916106102887092e-001
  +5.50163079725432768718e-001
  +4.97797759108682846829e-001
  +4.50416645728565379070e-001
  +4.07545335504571337726e-001
  +3.68754578825281842391e-001
  +3.33655982680449658684e-001
  +3.01898121870382563081e-001
  +2.73163020356069929928e-001
  +2.47162967519511223013e-001
  +2.23637637457003962682e-001
  +2.02351482462283183139e-001
  +1.83091374601719147908e-001
  +1.65664471767808268998e-001
  +1.49896286844793807935e-001
  +1.35628940653905932789e-001
  +1.22719581185807349866e-001
  +1.11038953292792091920e-001
  +1.00470104519757130745e-001
  +9.09072141160589819453e-002
  +8.22545335037236508002e-002
  +7.44254275934302378381e-002
  +6.73415073494298133117e-002
  +6.09318449181958238237e-002
  +5.51322634622687310357e-002
  +4.98846945887455803237e-002
  +4.51365969386598384072e-002
  +4.08404301158670907101e-002
  +3.69531786881437881997e-002
  +3.34359214945525173857e-002
  +3.02534419467563528428e-002
  +2.73738754224219157929e-002
  +2.47683902202279621063e-002
  +2.24108988820409700538e-002
  +2.02777969918645287195e-002
  +1.83477268362839326943e-002
  +1.66013635600531297976e-002
  +1.50212216757026860436e-002
  +1.35914799898447600374e-002
  +1.22978231932462950954e-002
  +1.11272985285890066431e-002
  +1.00681861008000365226e-002
  +9.10988153143379129906e-003
  +8.24278978217972760345e-003
  +7.45822908440314010642e-003
  +6.74834401281156504721e-003
  +6.10602683289583267334e-003
  +5.52484633463585193824e-003
  +4.99898343991768759342e-003
  +4.52317293892996307586e-003
  +4.09265077217482991373e-003
  +3.70310633025357953743e-003
  +3.35063929382790112038e-003
  +3.03172058161635220308e-003
  +2.74315701541709509176e-003
  +2.48205934836519259701e-003
  +2.24581333630671786672e-003
  +2.03205356264149310241e-003
  +1.83863975455528520959e-003
  +1.66363535350743936385e-003
  +1.50528812541054091839e-003
  +1.36201261636139368295e-003
  +1.23237427826096011992e-003
  +1.11507510538084607041e-003
  +1.00894063806223569651e-003
  +9.12908203421649677538e-004
  +8.26016275323361820297e-004
  +7.47394847085125100736e-004
  +6.76256720523723013280e-004
  +6.11889624121817929901e-004
  +5.53649081399116530129e-004
  +5.00951958082331808182e-004
  +4.53270623464855834921e-004
  +9.47521380049977324234e-001
  +1.80903104032645134502e+000
  +2.58868287818054687577e+000
  +3.29413331055522595747e+000
  +3.93243504258992704337e+000
  +4.50997966148967766031e+000
  +5.03255036759881146935e+000
  +5.50537988405007805426e+000
  +5.93320285425088922437e+000
  +6.32030325188500263778e+000
  +6.67055727816638910355e+000
  +6.98747217589345392952e+000
  +7.27422134896553984618e+000
  +7.53367613902826427363e+000
  +7.76843457744082055427e+000
  +7.98084740047088914139e+000
  +8.17304158821853299344e+000
  +8.34694166297412643019e+000
  +8.50428896028005887331e+000
  +8.64665906566544961720e+000
  +8.77547759165537399895e+000
  +8.89203445303646056175e+000
  +8.99749678332327817998e+000
  +9.09292062176347926084e+000
  +9.17926148790873952521e+000
  +9.25738394963915744995e+000
  +9.32807028044978459036e+000
  +9.39202829268846528521e+000
  +9.44989842518243072789e+000
  +9.50226015622515518544e+000
  +9.54963780613941004560e+000
  +9.59250578752005367278e+000
  +9.63129335572946665422e+000
  +9.66638890721440979803e+000
  +9.69814386868512201545e+000
  +9.72687621610068475775e+000
  +9.75287365869780664696e+000
  +9.77639651994598324336e+000
  +9.79768034427730860614e+000
  +9.81693825569325362324e+000
  +9.83436309186606472110e+000
  +9.85012933510457067143e+000
  +9.86439485951986583245e+000
  +9.87730251188604135848e+000
  +9.88898154202582801986e+000
  +9.89954889704412188678e+000
  +9.90911039236917012829e+000
  +9.91776177132754455101e+000
  +9.92558966386285668193e+000
  +9.93267245399830578378e+000
  +9.93908106472929198105e+000
  +9.94487966820558888514e+000
  +9.95012632831442900283e+000
  +9.95487358209893180572e+000
  +9.95916896583390709452e+000
  +9.96305549102683407625e+000
  +9.96657207511041853820e+000
  +9.96975393113940100420e+000
  +9.97263292039389526167e+000
  +9.97523787141995299521e+000
  +9.97759486870210565712e+000
  +9.97972751385839096372e+000
  +9.98165716197340913141e+000
  +9.98340313543590340828e+000
  +9.98498291742206589561e+000
  +9.98641232696202685304e+000
  +9.98770567734253944536e+000
  +9.98887591943202401978e+000
  +9.98993477136312613140e+000
  +9.99089283587138154985e+000
  +9.99175970646491506955e+000
  +9.99254406348832624474e+000
  +9.99325376104268414679e+000
  +9.99389590563198204620e+000
  +9.99447692732359271872e+000
  +9.99500264413526551266e+000
  +9.99547832029343652493e+000
  +9.99590871894615062843e+000
  +9.99629814985849129982e+000
  +9.99665051256811487690e+000
  +9.99696933543295962465e+000
  +9.99725781096221766120e+000
  +9.99751882778427081178e+000
  +9.99775499957176982946e+000
  +9.99796869121344755627e+000
  +9.99816204249476747634e+000
  +9.99833698952448557407e+000
  +9.99849528412174848313e+000
  +9.99863851135780734580e+000
  +9.99876810542800065207e+000
  +9.99888536401296690315e+000
  +9.99899146127288496189e+000
  +9.99908745960481759596e+000
  +9.99917432028096975216e+000
  +9.99925291307429731091e+000
  +9.99932402496791539193e+000
  +9.99938836803552710819e+000
  +9.99944658657167551041e+000
  +9.99949926354337925716e+000
  +9.99954692642759113141e+000
  +9.05245458664058766374e+000
  +8.19088918043419234039e+000
  +7.41126839635046152921e+000
  +6.70585305609415271988e+000
  +6.06758017724350207089e+000
  +5.49005904234971175981e+000
  +4.96750721177595710998e+000
  +4.49469262692754423227e+000
  +4.06688122418129704982e+000
  +3.67978953499749206202e+000
  +3.32954179762232049811e+000
  +3.01263115096108169411e+000
  +2.72588452207520948178e+000
  +2.46643085573843112712e+000
  +2.23167236795026813212e+000
  +2.01925853558204471128e+000
  +1.82706256172628100920e+000
  +1.65316008110846723866e+000
  +1.49580989234894268236e+000
  +1.35343652415602755390e+000
  +1.22461446089449266239e+000
  +1.10805386958733520508e+000
  +1.00258768544236498421e+000
  +9.07159926597285837246e-001
  +8.20815121084284560204e-001
  +7.42688740151657422750e-001
  +6.71998542155780920204e-001
  +6.08036740354079840998e-001
  +5.50162916178934757738e-001
  +4.97797607036455480589e-001
  +4.50416504427986363890e-001
  +4.07545204302815322617e-001
  +3.68754457080021968984e-001
  +3.33655869780144997971e-001
  +3.01898017234231763606e-001
  +2.73162923433708515475e-001
  +2.47162877790469887040e-001
  +2.23637554430010404571e-001
  +2.02351405674418977076e-001
  +1.83091303617467643372e-001
  +1.65664406178038403628e-001
  +1.49896226265678084166e-001
  +1.35628884725812554057e-001
  +1.22719529572172081355e-001
  +1.11038905678982641190e-001
  +1.00470060611949782436e-001
  +9.09071736401255020565e-002
  +8.22544962041464045033e-002
  +7.44253932322403027877e-002
  +6.73414757051831180945e-002
  +6.09318157849831690265e-002
  +5.51322366487632664622e-002
  +4.98846699172941152045e-002
  +4.51365742444115591869e-002
  +4.08404092459470693943e-002
  +3.69531595008666807756e-002
  +3.34359038586763621104e-002
  +3.02534257407796672301e-002
  +2.73738605339169799313e-002
  +2.47683765452152218622e-002
  +2.24108863243992345593e-002
  +2.02777854627765631579e-002
  +1.83477162537175053636e-002
  +1.66013538482733605250e-002
  +1.50212127648170472999e-002
  +1.35914718153765882308e-002
  +1.22978156957372700142e-002
  +1.11272916532279605301e-002
  +1.00681797970767865358e-002
  +9.10987575281713320152e-003
  +8.24278448581742748114e-003
  +7.45822423084328400139e-003
  +6.74833956574347974128e-003
  +6.10602275890939280578e-003
  +5.52484260299846308834e-003
  +4.99898002236705534668e-003
  +4.52316980948245378480e-003
  +4.09264790694759822420e-003
  +3.70310370730014522603e-003
  +3.35063689298590585905e-003
  +3.03171838436665360902e-003
  +2.74315500475374399875e-003
  +2.48205750867505495552e-003
  +2.24581165325845851302e-003
  +2.03205202308301153408e-003
  +1.83863834641903567922e-003
  +1.66363406572315282103e-003
  +1.50528694782468114820e-003
  +1.36201153966296101445e-003
  +1.23237329391308932797e-003
  +1.11507420555776717505e-003
  +1.00893981559128237402e-003
  +9.12907451729792589201e-004
  +8.26015588388075714180e-004
  +7.47394219389114155237e-004
  +6.76256147013323469230e-004
  +6.11889100168721417061e-004
  +5.53648602765171443663e-004
  +5.00951520887212399871e-004
  +4.53270224156332196975e-004
</dep>
<dep Vin.Vt time>
  +0.00000000000000000000e+000
  +1.00000000000000000000e+001
  +1.00000000000000000000e+001
  +1.00000000000000000000e+001
  +1.00000000000000000000e+001
  +1.00000000000000000000e+001
  +1.00000000000000000000e+001
  +1.00000000000000000000e+001
  +1.00000000000000000000e+001
  +1.00000000000000000000e+001
  +1.00000000000000000000e+001
  +1.00000000000000000000e+001
  +1.00000000000000000000e+001
  +1.00000000000000000000e+001
  +1.00000000000000000000e+001
  +1.00000000000000000000e+001
  +1.00000000000000000000e+001
  +1.00000000000000000000e+001
  +1.00000000000000000000e+001
  +1.00000000000000000000e+001
  +1.00000000000000000000e+001
  +1.00000000000000000000e+001
  +1.00000000000000000000e+001
  +1.00000000000000000000e+001
  +1.00000000000000000000e+001
  +1.00000000000000000000e+001
  +1.00000000000000000000e+001
  +1.00000000000000000000e+001
  +1.00000000000000000000e+001
  +1.00000000000000000000e+001
  +1.00000000000000000000e+001
  +1.00000000000000000000e+001
  +1.00000000000000000000e+001
  +1.00000000000000000000e+001
  +1.00000000000000000000e+001
  +1.00000000000000000000e+001
  +1.00000000000000000000e+001
  +1.00000000000000000000e+001
  +1.00000000000000000000e+001
  +1.00000000000000000000e+001
  +1.00000000000000000000e+001
  +1.00000000000000000000e+001
  +1.00000000000000000000e+001
  +1.00000000000000000000e+001
  +1.00000000000000000000e+001
  +1.00000000000000000000e+001
  +1.00000000000000000000e+001
  +1.00000000000000000000e+001
  +1.00000000000000000000e+001
  +1.00000000000000000000e+001
  +1.00000000000000000000e+001
  +1.00000000000000000000e+001
  +1.00000000000000000000e+001
  +1.00000000000000000000e+001
  +1.00000000000000000000e+001
  +1.00000000000000000000e+001
  +1.00000000000000000000e+001
  +1.00000000000000000000e+001
  +1.00000000000000000000e+001
  +1.00000000000000000000e+001
  +1.00000000000000000000e+001
  +1.00000000000000000000e+001
  +1.00000000000000000000e+001
  +1.00000000000000000000e+001
  +1.00000000000000000000e+001
  +1.00000000000000000000e+001
  +1.00000000000000000000e+001
  +1.00000000000000000000e+001
  +1.00000000000000000000e+001
  +1.00000000000000000000e+001
  +1.00000000000000000000e+001
  +1.00000000000000000000e+001
  +1.00000000000000000000e+001
  +1.00000000000000000000e+001
  +1.00000000000000000000e+001
  +1.00000000000000000000e+001
  +1.00000000000000000000e+001
  +1.00000000000000000000e+001
  +1.00000000000000000000e+001
  +1.00000000000000000000e+001
  +1.00000000000000000000e+001
  +1.00000000000000000000e+001
  +1.00000000000000000000e+001
  +1.00000000000000000000e+001
  +1.00000000000000000000e+001
  +1.00000000000000000000e+001
  +1.00000000000000000000e+001
  +1.00000000000000000000e+001
  +1.00000000000000000000e+001
  +1.00000000000000000000e+001
  +1.00000000000000000000e+001
  +1.00000000000000000000e+001
  +1.00000000000000000000e+001
  +1.00000000000000000000e+001
  +1.00000000000000000000e+001
  +1.00000000000000000000e+001
  +1.00000000000000000000e+001
  +1.00000000000000000000e+001
  +1.00000000000000000000e+001
  +1.00000000000000000000e+001
  +9.99999999999999822364e+000
  +0.00000000000000000000e+000
  +0.00000000000000000000e+000
  +0.00000000000000000000e+000
  +0.00000000000000000000e+000
  +0.00000000000000000000e+000
  +0.00000000000000000000e+000
  +0.00000000000000000000e+000
  +0.00000000000000000000e+000
  +0.00000000000000000000e+000
  +0.00000000000000000000e+000
  +0.00000000000000000000e+000
  +0.00000000000000000000e+000
  +0.00000000000000000000e+000
  +0.00000000000000000000e+000
  +0.00000000000000000000e+000
  +0.00000000000000000000e+000
  +0.00000000000000000000e+000
  +0.00000000000000000000e+000
  +0.00000000000000000000e+000
  +0.00000000000000000000e+000
  +0.00000000000000000000e+000
  +0.00000000000000000000e+000
  +0.00000000000000000000e+000
  +0.00000000000000000000e+000
  +0.00000000000000000000e+000
  +0.00000000000000000000e+000
  +0.00000000000000000000e+000
  +0.00000000000000000000e+000
  +0.00000000000000000000e+000
  +0.00000000000000000000e+000
  +0.00000000000000000000e+000
  +0.00000000000000000000e+000
  +0.00000000000000000000e+000
  +0.00000000000000000000e+000
  +0.00000000000000000000e+000
  +0.00000000000000000000e+000
  +0.00000000000000000000e+000
  +0.00000000000000000000e+000
  +0.00000000000000000000e+000
  +0.00000000000000000000e+000
  +0.00000000000000000000e+000
  +0.00000000000000000000e+000
  +0.00000000000000000000e+000
  +0.00000000000000000000e+000
  +0.00000000000000000000e+000
  +0.00000000000000000000e+000
  +0.00000000000000000000e+000
  +0.00000000000000000000e+000
  +0.00000000000000000000e+000
  +0.00000000000000000000e+000
  +0.00000000000000000000e+000
  +0.00000000000000000000e+000
  +0.00000000000000000000e+000
  +0.00000000000000000000e+000
  +0.00000000000000000000e+000
  +0.00000000000000000000e+000
  +0.00000000000000000000e+000
  +0.00000000000000000000e+000
  +0.00000000000000000000e+000
  +0.00000000000000000000e+000
  +0.00000000000000000000e+000
  +0.00000000000000000000e+000
  +0.00000000000000000000e+000
  +0.00000000000000000000e+000
  +0.00000000000000000000e+000
  +0.00000000000000000000e+000
  +0.00000000000000000000e+000
  +0.00000000000000000000e+000
  +0.00000000000000000000e+000
  +0.00000000000000000000e+000
  +0.00000000000000000000e+000
  +0.00000000000000000000e+000
  +0.00000000000000000000e+000
  +0.00000000000000000000e+000
  +0.00000000000000000000e+000
  +0.00000000000000000000e+000
  +0.00000000000000000000e+000
  +0.00000000000000000000e+000
  +0.00000000000000000000e+000
  +0.00000000000000000000e+000
  +0.00000000000000000000e+000
  +0.00000000000000000000e+000
  +0.00000000000000000000e+000
  +0.00000000000000000000e+000
  +0.00000000000000000000e+000
  +0.00000000000000000000e+000
  +0.00000000000000000000e+000
  +0.00000000000000000000e+000
  +0.00000000000000000000e+000
  +0.00000000000000000000e+000
  +0.00000000000000000000e+000
  +0.00000000000000000000e+000
  +0.00000000000000000000e+000
  +0.00000000000000000000e+000
  +0.00000000000000000000e+000
  +0.00000000000000000000e+000
  +0.00000000000000000000e+000
  +0.00000000000000000000e+000
  +0.00000000000000000000e+000
  +0.00000000000000000000e+000
  +1.00000000000000000000e+001
  +1.00000000000000000000e+001
  +1.00000000000000000000e+001
  +1.00000000000000000000e+001
  +1.00000000000000000000e+001
  +1.00000000000000000000e+001
  +1.00000000000000000000e+001
  +1.00000000000000000000e+001
  +1.00000000000000000000e+001
  +1.00000000000000000000e+001
  +1.00000000000000000000e+001
  +1.00000000000000000000e+001
  +1.00000000000000000000e+001
  +1.00000000000000000000e+001
  +1.00000000000000000000e+001
  +1.00000000000000000000e+001
  +1.00000000000000000000e+001
  +1.00000000000000000000e+001
  +1.00000000000000000000e+001
  +1.00000000000000000000e+001
  +1.00000000000000000000e+001
  +1.00000000000000000000e+001
  +1.00000000000000000000e+001
  +1.00000000000000000000e+001
  +1.00000000000000000000e+001
  +1.00000000000000000000e+001
  +1.00000000000000000000e+001
  +1.00000000000000000000e+001
  +1.00000000000000000000e+001
  +1.00000000000000000000e+001
  +1.00000000000000000000e+001
  +1.00000000000000000000e+001
  +1.00000000000000000000e+001
  +1.00000000000000000000e+001
  +1.00000000000000000000e+001
  +1.00000000000000000000e+001
  +1.00000000000000000000e+001
  +1.00000000000000000000e+001
  +1.00000000000000000000e+001
  +1.00000000000000000000e+001
  +1.00000000000000000000e+001
  +1.00000000000000000000e+001
  +1.00000000000000000000e+001
  +1.00000000000000000000e+001
  +1.00000000000000000000e+001
  +1.00000000000000000000e+001
  +1.00000000000000000000e+001
  +1.00000000000000000000e+001
  +1.00000000000000000000e+001
  +1.00000000000000000000e+001
  +1.00000000000000000000e+001
  +1.00000000000000000000e+001
  +1.00000000000000000000e+001
  +1.00000000000000000000e+001
  +1.00000000000000000000e+001
  +1.00000000000000000000e+001
  +1.00000000000000000000e+001
  +1.00000000000000000000e+001
  +1.00000000000000000000e+001
  +1.00000000000000000000e+001
  +1.00000000000000000000e+001
  +1.00000000000000000000e+001
  +1.00000000000000000000e+001
  +1.00000000000000000000e+001
  +1.00000000000000000000e+001
  +1.00000000000000000000e+001
  +1.00000000000000000000e+001
  +1.00000000000000000000e+001
  +1.00000000000000000000e+001
  +1.00000000000000000000e+001
  +1.00000000000000000000e+001
  +1.00000000000000000000e+001
  +1.00000000000000000000e+001
  +1.00000000000000000000e+001
  +1.00000000000000000000e+001
  +1.00000000000000000000e+001
  +1.00000000000000000000e+001
  +1.00000000000000000000e+001
  +1.00000000000000000000e+001
  +1.00000000000000000000e+001
  +1.00000000000000000000e+001
  +1.00000000000000000000e+001
  +1.00000000000000000000e+001
  +1.00000000000000000000e+001
  +1.00000000000000000000e+001
  +1.00000000000000000000e+001
  +1.00000000000000000000e+001
  +1.00000000000000000000e+001
  +1.00000000000000000000e+001
  +1.00000000000000000000e+001
  +1.00000000000000000000e+001
  +1.00000000000000000000e+001
  +1.00000000000000000000e+001
  +1.00000000000000000000e+001
  +1.00000000000000000000e+001
  +1.00000000000000000000e+001
  +1.00000000000000000000e+001
  +1.00000000000000000000e+001
  +1.00000000000000000000e+001
  +1.00000000000000000000e+001
  +0.00000000000000000000e+000
  +0.00000000000000000000e+000
  +0.00000000000000000000e+000
  +0.00000000000000000000e+000
  +0.00000000000000000000e+000
  +0.00000000000000000000e+000
  +0.00000000000000000000e+000
  +0.00000000000000000000e+000
  +0.00000000000000000000e+000
  +0.00000000000000000000e+000
  +0.00000000000000000000e+000
  +0.00000000000000000000e+000
  +0.00000000000000000000e+000
  +0.00000000000000000000e+000
  +0.00000000000000000000e+000
  +0.00000000000000000000e+000
  +0.00000000000000000000e+000
  +0.00000000000000000000e+000
  +0.00000000000000000000e+000
  +0.00000000000000000000e+000
  +0.00000000000000000000e+000
  +0.00000000000000000000e+000
  +0.00000000000000000000e+000
  +0.00000000000000000000e+000
  +0.00000000000000000000e+000
  +0.00000000000000000000e+000
  +0.00000000000000000000e+000
  +0.00000000000000000000e+000
  +0.00000000000000000000e+000
  +0.00000000000000000000e+000
  +0.00000000000000000000e+000
  +0.00000000000000000000e+000
  +0.00000000000000000000e+000
  +0.00000000000000000000e+000
  +0.00000000000000000000e+000
  +0.00000000000000000000e+000
  +0.00000000000000000000e+000
  +0.00000000000000000000e+000
  +0.00000000000000000000e+000
  +0.00000000000000000000e+000
  +0.00000000000000000000e+000
  +0.00000000000000000000e+000
  +0.00000000000000000000e+000
  +0.00000000000000000000e+000
  +0.00000000000000000000e+000
  +0.00000000000000000000e+000
  +0.00000000000000000000e+000
  +0.00000000000000000000e+000
  +0.00000000000000000000e+000
  +0.00000000000000000000e+000
  +0.00000000000000000000e+000
  +0.00000000000000000000e+000
  +0.00000000000000000000e+000
  +0.00000000000000000000e+000
  +0.00000000000000000000e+000
  +0.00000000000000000000e+000
  +0.00000000000000000000e+000
  +0.00000000000000000000e+000
  +0.00000000000000000000e+000
  +0.00000000000000000000e+000
  +0.00000000000000000000e+000
  +0.00000000000000000000e+000
  +0.00000000000000000000e+000
  +0.00000000000000000000e+000
  +0.00000000000000000000e+000
  +0.00000000000000000000e+000
  +0.00000000000000000000e+000
  +0.00000000000000000000e+000
  +0.00000000000000000000e+000
  +0.00000000000000000000e+000
  +0.00000000000000000000e+000
  +0.00000000000000000000e+000
  +0.00000000000000000000e+000
  +0.00000000000000000000e+000
  +0.00000000000000000000e+000
  +0.00000000000000000000e+000
  +0.00000000000000000000e+000
  +0.00000000000000000000e+000
  +0.00000000000000000000e+000
  +0.00000000000000000000e+000
  +0.00000000000000000000e+000
  +0.00000000000000000000e+000
  +0.00000000000000000000e+000
  +0.00000000000000000000e+000
  +0.00000000000000000000e+000
  +0.00000000000000000000e+000
  +0.00000000000000000000e+000
  +0.00000000000000000000e+000
  +0.00000000000000000000e+000
  +0.00000000000000000000e+000
  +0.00000000000000000000e+000
  +0.00000000000000000000e+000
  +0.00000000000000000000e+000
  +0.00000000000000000000e+000
  +0.00000000000000000000e+000
  +0.00000000000000000000e+000
  +0.00000000000000000000e+000
  +0.00000000000000000000e+000
  +0.00000000000000000000e+000
  +0.00000000000000000000e+000
</dep>
