<Qucs Dataset 0.0.19>
<indep time 101>
  +0.00000000000000000000e+000
  +1.00000000000000005551e-001
  +2.00000000000000011102e-001
  +2.99999999999999988898e-001
  +4.00000000000000022204e-001
  +5.00000000000000000000e-001
  +5.99999999999999977796e-001
  +6.99999999999999955591e-001
  +8.00000000000000044409e-001
  +9.00000000000000022204e-001
  +1.00000000000000000000e+000
  +1.10000000000000008882e+000
  +1.19999999999999995559e+000
  +1.30000000000000004441e+000
  +1.39999999999999991118e+000
  +1.50000000000000000000e+000
  +1.60000000000000008882e+000
  +1.69999999999999995559e+000
  +1.80000000000000004441e+000
  +1.89999999999999991118e+000
  +2.00000000000000000000e+000
  +2.10000000000000008882e+000
  +2.20000000000000017764e+000
  +2.29999999999999982236e+000
  +2.39999999999999991118e+000
  +2.50000000000000000000e+000
  +2.60000000000000008882e+000
  +2.70000000000000017764e+000
  +2.79999999999999982236e+000
  +2.89999999999999991118e+000
  +3.00000000000000000000e+000
  +3.10000000000000008882e+000
  +3.20000000000000017764e+000
  +3.29999999999999982236e+000
  +3.39999999999999991118e+000
  +3.50000000000000000000e+000
  +3.60000000000000008882e+000
  +3.70000000000000017764e+000
  +3.79999999999999982236e+000
  +3.89999999999999991118e+000
  +4.00000000000000000000e+000
  +4.09999999999999964473e+000
  +4.20000000000000017764e+000
  +4.29999999999999982236e+000
  +4.40000000000000035527e+000
  +4.50000000000000000000e+000
  +4.59999999999999964473e+000
  +4.70000000000000017764e+000
  +4.79999999999999982236e+000
  +4.90000000000000035527e+000
  +5.00000000000000000000e+000
  +5.09999999999999964473e+000
  +5.20000000000000017764e+000
  +5.29999999999999982236e+000
  +5.40000000000000035527e+000
  +5.50000000000000000000e+000
  +5.59999999999999964473e+000
  +5.70000000000000017764e+000
  +5.79999999999999982236e+000
  +5.90000000000000035527e+000
  +6.00000000000000000000e+000
  +6.09999999999999964473e+000
  +6.20000000000000017764e+000
  +6.29999999999999982236e+000
  +6.40000000000000035527e+000
  +6.50000000000000000000e+000
  +6.59999999999999964473e+000
  +6.70000000000000017764e+000
  +6.79999999999999982236e+000
  +6.90000000000000035527e+000
  +7.00000000000000000000e+000
  +7.09999999999999964473e+000
  +7.20000000000000017764e+000
  +7.29999999999999982236e+000
  +7.40000000000000035527e+000
  +7.50000000000000000000e+000
  +7.59999999999999964473e+000
  +7.70000000000000017764e+000
  +7.79999999999999982236e+000
  +7.90000000000000035527e+000
  +8.00000000000000000000e+000
  +8.09999999999999964473e+000
  +8.19999999999999928946e+000
  +8.30000000000000071054e+000
  +8.40000000000000035527e+000
  +8.50000000000000000000e+000
  +8.59999999999999964473e+000
  +8.69999999999999928946e+000
  +8.80000000000000071054e+000
  +8.90000000000000035527e+000
  +9.00000000000000000000e+000
  +9.09999999999999964473e+000
  +9.19999999999999928946e+000
  +9.30000000000000071054e+000
  +9.40000000000000035527e+000
  +9.50000000000000000000e+000
  +9.59999999999999964473e+000
  +9.69999999999999928946e+000
  +9.80000000000000071054e+000
  +9.90000000000000035527e+000
  +1.00000000000000000000e+001
</indep>
<dep V.Vt time>
  +4.99999999974999997931e-001
  +4.75614470330812055821e-001
  +4.52417740077993013603e-001
  +4.30351945713573436070e-001
  +4.09362767319696951862e-001
  +3.89396895418721133986e-001
  +3.70404820043932159201e-001
  +3.52339046165855984682e-001
  +3.35154722570336682796e-001
  +3.18808203560657033027e-001
  +3.03258954187175855388e-001
  +2.88468370916032890161e-001
  +2.74398887804749580521e-001
  +2.61015871265425192238e-001
  +2.48285330371516232972e-001
  +2.36175927489395309777e-001
  +2.24657125904346999246e-001
  +2.13699912020885590680e-001
  +2.03277313445840823736e-001
  +1.93362858286159594590e-001
  +1.83932141014535394108e-001
  +1.74961208972979009868e-001
  +1.66428166493958612504e-001
  +1.58311111012088334693e-001
  +1.50589794821893441235e-001
  +1.43245325282467278472e-001
  +1.36258931961149659662e-001
  +1.29613167866107992232e-001
  +1.23291768560206405070e-001
  +1.17278558085723932924e-001
  +1.11558524769547737221e-001
  +1.06117649252590331987e-001
  +1.00942016307291146382e-001
  +9.60187660072861631777e-002
  +9.13356376545454706761e-002
  +8.68811017211438413321e-002
  +8.26437258680168262970e-002
  +7.86129390553715751144e-002
  +7.47788924819948880307e-002
  +7.11317635625639543839e-002
  +6.76624502962904217362e-002
  +6.43624311863411902035e-002
  +6.12233011003068955391e-002
  +5.82372748904844556028e-002
  +5.53968852661695029815e-002
  +5.26950291366495640610e-002
  +5.01249498481839902975e-002
  +4.76802202873344224687e-002
  +4.53547268083920734894e-002
  +4.31426539447072529554e-002
  +4.10384698656891533375e-002
  +3.90369125431072466759e-002
  +3.71329765920991802797e-002
  +3.53219007539788756866e-002
  +3.35991559895414543258e-002
  +3.19604341530905292079e-002
  +3.04016372188632283402e-002
  +2.89188670329121808034e-002
  +2.75084155648156088170e-002
  +2.61667556348381055709e-002
  +2.48905320933529364269e-002
  +2.36765534304676020239e-002
  +2.25217837948707352846e-002
  +2.14233354019417870928e-002
  +2.03784613121371915856e-002
  +1.93845485615947721314e-002
  +1.84391116277766477227e-002
  +1.75397862138109046637e-002
  +1.66843233359874505706e-002
  +1.58705836996227318825e-002
  +1.50965323492289991980e-002
  +1.43602335796090153225e-002
  +1.36598460951505799171e-002
  +1.29936184052154429791e-002
  +1.23598844441074624118e-002
  +1.17570594046667673688e-002
  +1.11836357750709630698e-002
  +1.06381795689321091009e-002
  +1.01193267392621581019e-002
  +9.62577976733903530049e-003
  +9.15630441794287527890e-003
  +8.70972665284825038612e-003
  +8.28492969485372654503e-003
  +7.88085123500658658868e-003
  +7.49648077603892130233e-003
  +7.13085710537132884401e-003
  +6.78306589136522426753e-003
  +6.45223739681240020249e-003
  +6.13754430394384577208e-003
  +5.83819964551884115073e-003
  +5.55345483682038055379e-003
  +5.28259780363555305621e-003
  +5.02495120153936998542e-003
  +4.77987072202892306072e-003
  +4.54674348127206105763e-003
  +4.32498648744100797764e-003
  +4.11404518279838860711e-003
  +3.91339205688963354124e-003
  +3.72252532737372531652e-003
  +3.54096768519344008014e-003
  +3.36826510094698824277e-003
</dep>
