<Qucs Dataset 0.0.19>
<indep time 281>
  +0.00000000000000000000e+000
  +5.00000000000000027756e-002
  +1.00000000000000005551e-001
  +1.49999999999999994449e-001
  +2.00000000000000011102e-001
  +2.50000000000000000000e-001
  +2.99999999999999988898e-001
  +3.49999999999999977796e-001
  +4.00000000000000022204e-001
  +4.50000000000000011102e-001
  +5.00000000000000000000e-001
  +5.50000000000000044409e-001
  +5.99999999999999977796e-001
  +6.50000000000000022204e-001
  +6.99999999999999955591e-001
  +7.50000000000000000000e-001
  +8.00000000000000044409e-001
  +8.49999999999999977796e-001
  +9.00000000000000022204e-001
  +9.49999999999999955591e-001
  +1.00000000000000000000e+000
  +1.05000000000000004441e+000
  +1.10000000000000008882e+000
  +1.14999999999999991118e+000
  +1.19999999999999995559e+000
  +1.25000000000000000000e+000
  +1.30000000000000004441e+000
  +1.35000000000000008882e+000
  +1.39999999999999991118e+000
  +1.44999999999999995559e+000
  +1.50000000000000000000e+000
  +1.55000000000000004441e+000
  +1.60000000000000008882e+000
  +1.64999999999999991118e+000
  +1.69999999999999995559e+000
  +1.75000000000000000000e+000
  +1.80000000000000004441e+000
  +1.85000000000000008882e+000
  +1.89999999999999991118e+000
  +1.94999999999999995559e+000
  +2.00000000000000000000e+000
  +2.04999999999999982236e+000
  +2.10000000000000008882e+000
  +2.14999999999999991118e+000
  +2.20000000000000017764e+000
  +2.25000000000000000000e+000
  +2.29999999999999982236e+000
  +2.35000000000000008882e+000
  +2.39999999999999991118e+000
  +2.45000000000000017764e+000
  +2.50000000000000000000e+000
  +2.54999999999999982236e+000
  +2.60000000000000008882e+000
  +2.64999999999999991118e+000
  +2.70000000000000017764e+000
  +2.75000000000000000000e+000
  +2.79999999999999982236e+000
  +2.85000000000000008882e+000
  +2.89999999999999991118e+000
  +2.95000000000000017764e+000
  +3.00000000000000000000e+000
  +3.04999999999999982236e+000
  +3.10000000000000008882e+000
  +3.14999999999999991118e+000
  +3.20000000000000017764e+000
  +3.25000000000000000000e+000
  +3.29999999999999982236e+000
  +3.35000000000000008882e+000
  +3.39999999999999991118e+000
  +3.45000000000000017764e+000
  +3.50000000000000000000e+000
  +3.54999999999999982236e+000
  +3.60000000000000008882e+000
  +3.64999999999999991118e+000
  +3.70000000000000017764e+000
  +3.75000000000000000000e+000
  +3.79999999999999982236e+000
  +3.85000000000000008882e+000
  +3.89999999999999991118e+000
  +3.95000000000000017764e+000
  +4.00000000000000000000e+000
  +4.04999999999999982236e+000
  +4.09999999999999964473e+000
  +4.15000000000000035527e+000
  +4.20000000000000017764e+000
  +4.25000000000000000000e+000
  +4.29999999999999982236e+000
  +4.34999999999999964473e+000
  +4.40000000000000035527e+000
  +4.45000000000000017764e+000
  +4.50000000000000000000e+000
  +4.54999999999999982236e+000
  +4.59999999999999964473e+000
  +4.65000000000000035527e+000
  +4.70000000000000017764e+000
  +4.75000000000000000000e+000
  +4.79999999999999982236e+000
  +4.84999999999999964473e+000
  +4.90000000000000035527e+000
  +4.95000000000000017764e+000
  +5.00000000000000000000e+000
  +5.04999999999999982236e+000
  +5.09999999999999964473e+000
  +5.15000000000000035527e+000
  +5.20000000000000017764e+000
  +5.25000000000000000000e+000
  +5.29999999999999982236e+000
  +5.34999999999999964473e+000
  +5.40000000000000035527e+000
  +5.45000000000000017764e+000
  +5.50000000000000000000e+000
  +5.54999999999999982236e+000
  +5.59999999999999964473e+000
  +5.65000000000000035527e+000
  +5.70000000000000017764e+000
  +5.75000000000000000000e+000
  +5.79999999999999982236e+000
  +5.84999999999999964473e+000
  +5.90000000000000035527e+000
  +5.95000000000000017764e+000
  +6.00000000000000000000e+000
  +6.04999999999999982236e+000
  +6.09999999999999964473e+000
  +6.15000000000000035527e+000
  +6.20000000000000017764e+000
  +6.25000000000000000000e+000
  +6.29999999999999982236e+000
  +6.34999999999999964473e+000
  +6.40000000000000035527e+000
  +6.45000000000000017764e+000
  +6.50000000000000000000e+000
  +6.54999999999999982236e+000
  +6.59999999999999964473e+000
  +6.65000000000000035527e+000
  +6.70000000000000017764e+000
  +6.75000000000000000000e+000
  +6.79999999999999982236e+000
  +6.84999999999999964473e+000
  +6.90000000000000035527e+000
  +6.95000000000000017764e+000
  +7.00000000000000000000e+000
  +7.04999999999999982236e+000
  +7.09999999999999964473e+000
  +7.15000000000000035527e+000
  +7.20000000000000017764e+000
  +7.25000000000000000000e+000
  +7.29999999999999982236e+000
  +7.34999999999999964473e+000
  +7.40000000000000035527e+000
  +7.45000000000000017764e+000
  +7.50000000000000000000e+000
  +7.54999999999999982236e+000
  +7.59999999999999964473e+000
  +7.65000000000000035527e+000
  +7.70000000000000017764e+000
  +7.75000000000000000000e+000
  +7.79999999999999982236e+000
  +7.84999999999999964473e+000
  +7.90000000000000035527e+000
  +7.95000000000000017764e+000
  +8.00000000000000000000e+000
  +8.05000000000000071054e+000
  +8.09999999999999964473e+000
  +8.15000000000000035527e+000
  +8.19999999999999928946e+000
  +8.25000000000000000000e+000
  +8.30000000000000071054e+000
  +8.34999999999999964473e+000
  +8.40000000000000035527e+000
  +8.44999999999999928946e+000
  +8.50000000000000000000e+000
  +8.55000000000000071054e+000
  +8.59999999999999964473e+000
  +8.65000000000000035527e+000
  +8.69999999999999928946e+000
  +8.75000000000000000000e+000
  +8.80000000000000071054e+000
  +8.84999999999999964473e+000
  +8.90000000000000035527e+000
  +8.94999999999999928946e+000
  +9.00000000000000000000e+000
  +9.05000000000000071054e+000
  +9.09999999999999964473e+000
  +9.15000000000000035527e+000
  +9.19999999999999928946e+000
  +9.25000000000000000000e+000
  +9.30000000000000071054e+000
  +9.34999999999999964473e+000
  +9.40000000000000035527e+000
  +9.44999999999999928946e+000
  +9.50000000000000000000e+000
  +9.55000000000000071054e+000
  +9.59999999999999964473e+000
  +9.65000000000000035527e+000
  +9.69999999999999928946e+000
  +9.75000000000000000000e+000
  +9.80000000000000071054e+000
  +9.84999999999999964473e+000
  +9.90000000000000035527e+000
  +9.94999999999999928946e+000
  +1.00000000000000000000e+001
  +1.00500000000000007105e+001
  +1.00999999999999996447e+001
  +1.01500000000000003553e+001
  +1.01999999999999992895e+001
  +1.02500000000000000000e+001
  +1.03000000000000007105e+001
  +1.03499999999999996447e+001
  +1.04000000000000003553e+001
  +1.04499999999999992895e+001
  +1.05000000000000000000e+001
  +1.05500000000000007105e+001
  +1.05999999999999996447e+001
  +1.06500000000000003553e+001
  +1.06999999999999992895e+001
  +1.07500000000000000000e+001
  +1.08000000000000007105e+001
  +1.08499999999999996447e+001
  +1.09000000000000003553e+001
  +1.09499999999999992895e+001
  +1.10000000000000000000e+001
  +1.10500000000000007105e+001
  +1.10999999999999996447e+001
  +1.11500000000000003553e+001
  +1.11999999999999992895e+001
  +1.12500000000000000000e+001
  +1.13000000000000007105e+001
  +1.13499999999999996447e+001
  +1.14000000000000003553e+001
  +1.14499999999999992895e+001
  +1.15000000000000000000e+001
  +1.15500000000000007105e+001
  +1.15999999999999996447e+001
  +1.16500000000000003553e+001
  +1.16999999999999992895e+001
  +1.17500000000000000000e+001
  +1.18000000000000007105e+001
  +1.18499999999999996447e+001
  +1.19000000000000003553e+001
  +1.19499999999999992895e+001
  +1.20000000000000000000e+001
  +1.20500000000000007105e+001
  +1.20999999999999996447e+001
  +1.21500000000000003553e+001
  +1.21999999999999992895e+001
  +1.22500000000000000000e+001
  +1.23000000000000007105e+001
  +1.23499999999999996447e+001
  +1.24000000000000003553e+001
  +1.24499999999999992895e+001
  +1.25000000000000000000e+001
  +1.25500000000000007105e+001
  +1.25999999999999996447e+001
  +1.26500000000000003553e+001
  +1.26999999999999992895e+001
  +1.27500000000000000000e+001
  +1.28000000000000007105e+001
  +1.28499999999999996447e+001
  +1.29000000000000003553e+001
  +1.29499999999999992895e+001
  +1.30000000000000000000e+001
  +1.30500000000000007105e+001
  +1.30999999999999996447e+001
  +1.31500000000000003553e+001
  +1.31999999999999992895e+001
  +1.32500000000000000000e+001
  +1.33000000000000007105e+001
  +1.33499999999999996447e+001
  +1.34000000000000003553e+001
  +1.34499999999999992895e+001
  +1.35000000000000000000e+001
  +1.35500000000000007105e+001
  +1.35999999999999996447e+001
  +1.36500000000000003553e+001
  +1.36999999999999992895e+001
  +1.37500000000000000000e+001
  +1.38000000000000007105e+001
  +1.38499999999999996447e+001
  +1.39000000000000003553e+001
  +1.39499999999999992895e+001
  +1.40000000000000000000e+001
</indep>
<dep Qc time>
  +2.00000000010000000827e+000
  +2.05000000000000026645e+000
  +2.10000000000000008882e+000
  +2.14999999999999991118e+000
  +2.20000000000000017764e+000
  +2.25000000000000044409e+000
  +2.30000000000000026645e+000
  +2.35000000000000053291e+000
  +2.39999999999999991118e+000
  +2.44999999999999973355e+000
  +2.49999999999999955591e+000
  +2.54999999999999982236e+000
  +2.59999999999999920064e+000
  +2.64999999999999902300e+000
  +2.69999999999999884537e+000
  +2.74999999999999911182e+000
  +2.79999999999999982236e+000
  +2.85000000000000008882e+000
  +2.90000000000000035527e+000
  +2.95000000000000062172e+000
  +3.00000000000000044409e+000
  +3.05000000000000026645e+000
  +3.10000000000000097700e+000
  +3.15000000000000168754e+000
  +3.20000000000000239808e+000
  +3.25000000000000266454e+000
  +3.30000000000000204281e+000
  +3.35000000000000186517e+000
  +3.40000000000000168754e+000
  +3.45000000000000106581e+000
  +3.50000000000000177636e+000
  +3.55000000000000248690e+000
  +3.60000000000000230926e+000
  +3.65000000000000213163e+000
  +3.70000000000000195399e+000
  +3.75000000000000088818e+000
  +3.80000000000000071054e+000
  +3.85000000000000097700e+000
  +3.90000000000000079936e+000
  +3.95000000000000062172e+000
  +3.98842177280000065309e+000
  +3.98842177280000065309e+000
  +3.98842177280000020900e+000
  +3.98842177280000065309e+000
  +3.98842177280000020900e+000
  +3.98842177280000065309e+000
  +3.98842177280000065309e+000
  +3.98842177280000020900e+000
  +3.98842177280000065309e+000
  +3.98842177280000020900e+000
  +3.98842177280000065309e+000
  +3.98842177280000065309e+000
  +3.98842177280000020900e+000
  +3.98842177280000065309e+000
  +3.98842177280000020900e+000
  +3.98842177280000065309e+000
  +3.98842177280000065309e+000
  +3.98842177280000020900e+000
  +3.98842177280000065309e+000
  +3.98842177280000020900e+000
  +3.98842177280000065309e+000
  +3.98842177280000065309e+000
  +3.98842177280000020900e+000
  +3.98842177280000065309e+000
  +3.98842177280000020900e+000
  +3.98842177280000065309e+000
  +3.98842177280000065309e+000
  +3.98842177280000020900e+000
  +3.98842177280000065309e+000
  +3.98842177280000020900e+000
  +3.98842177280000065309e+000
  +3.98842177280000065309e+000
  +3.98842177280000020900e+000
  +3.98842177280000065309e+000
  +3.98842177280000020900e+000
  +3.98842177280000065309e+000
  +3.98842177280000065309e+000
  +3.98842177280000020900e+000
  +3.98842177280000065309e+000
  +3.98842177280000020900e+000
  +3.98263265920000053555e+000
  +3.95763265920000018028e+000
  +3.93263265920000204545e+000
  +3.90763265920000346654e+000
  +3.88263265920000266718e+000
  +3.85763265920000186782e+000
  +3.83263265920000151254e+000
  +3.80763265920000204545e+000
  +3.78263265920000213427e+000
  +3.75763265920000266718e+000
  +3.73263265920000186782e+000
  +3.70763265920000240072e+000
  +3.68263265920000337772e+000
  +3.65763265920000346654e+000
  +3.63263265920000444353e+000
  +3.60763265920000497644e+000
  +3.58263265920000595344e+000
  +3.55763265920000648634e+000
  +3.53263265920000524289e+000
  +3.50763265920000533171e+000
  +3.48263265920000497644e+000
  +3.45763265920000462117e+000
  +3.43263265920000426590e+000
  +3.40763265920000391063e+000
  +3.38263265920000399944e+000
  +3.35763265920000453235e+000
  +3.33263265920000506526e+000
  +3.30763265920000515408e+000
  +3.28263265920000435472e+000
  +3.25763265920000488762e+000
  +3.23263265920000542053e+000
  +3.20763265920000550935e+000
  +3.18263265920000470999e+000
  +3.15763265920000391063e+000
  +3.13263265920000444353e+000
  +3.10763265920000497644e+000
  +3.08263265920000506526e+000
  +3.05763265920000559817e+000
  +3.03263265920000568698e+000
  +3.00763265920000577580e+000
  +2.98263265920000630871e+000
  +2.95763265920000639753e+000
  +2.93263265920000648634e+000
  +2.90763265920000613107e+000
  +2.88263265920000666398e+000
  +2.85763265920000675280e+000
  +2.83263265920000728570e+000
  +2.80763265920000648634e+000
  +2.78263265920000524289e+000
  +2.75763265920000533171e+000
  +2.73263265920000542053e+000
  +2.70763265920000550935e+000
  +2.68263265920000604225e+000
  +2.65763265920000568698e+000
  +2.63263265920000577580e+000
  +2.60763265920000586462e+000
  +2.58263265920000639753e+000
  +2.55763265920000648634e+000
  +2.53263265920000613107e+000
  +2.50763265920000621989e+000
  +2.48263265920000675280e+000
  +2.45763265920000684162e+000
  +2.43263265920000693043e+000
  +2.40763265920000657516e+000
  +2.38263265920000710807e+000
  +2.35763265920000719689e+000
  +2.33263265920000728570e+000
  +2.30763265920000781861e+000
  +2.28263265920000746334e+000
  +2.25763265920000755216e+000
  +2.23263265920000764098e+000
  +2.20763265920000817388e+000
  +2.18263265920000826270e+000
  +2.15763265920000879561e+000
  +2.13263265920000977260e+000
  +2.10763265920001030551e+000
  +2.08263265920000995024e+000
  +2.05763265920000959497e+000
  +2.03263265920001012788e+000
  +2.00763265920001154896e+000
  +1.98263265920001208187e+000
  +1.95763265920001128251e+000
  +1.93263265920001159337e+000
  +1.90763265920001123810e+000
  +1.88263265920001177101e+000
  +1.85763265920001185982e+000
  +1.83263265920001194864e+000
  +1.80763265920001270359e+000
  +1.78263265920001279241e+000
  +1.75763265920001354736e+000
  +1.73263265920001319209e+000
  +1.70763265920001283682e+000
  +1.68263265920001359177e+000
  +1.65763265920001323650e+000
  +1.63263265920001421350e+000
  +1.60763265920001430231e+000
  +1.58263265920001416909e+000
  +1.55763265920001425791e+000
  +1.53263265920001368059e+000
  +1.50763265920001376941e+000
  +1.48263265920001341414e+000
  +1.45763265920001305886e+000
  +1.43263265920001381382e+000
  +1.40763265920001345854e+000
  +1.38263265920001421350e+000
  +1.35763265920001408027e+000
  +1.33263265920001372500e+000
  +1.30763265920001447995e+000
  +1.28263265920001456877e+000
  +1.25763265920001532372e+000
  +1.23263265920001474640e+000
  +1.20763265920001394704e+000
  +1.18263265920001447995e+000
  +1.15763265920001434672e+000
  +1.13263265920001487963e+000
  +1.10763265920001474640e+000
  +1.08263265920001416909e+000
  +1.05763265920001425791e+000
  +1.03263265920001390263e+000
  +1.00763265920001465759e+000
  +9.82632659200014302314e-001
  +9.57632659200013947043e-001
  +9.32632659200014590972e-001
  +9.07632659200014124679e-001
  +8.82632659200014768608e-001
  +8.57632659200014413337e-001
  +8.32632659200014280110e-001
  +8.07632659200014813017e-001
  +7.82632659200014679790e-001
  +7.57632659200015212697e-001
  +7.32632659200014857426e-001
  +7.07632659200014613177e-001
  +6.82632659200015257106e-001
  +6.57632659200015012857e-001
  +6.32632659200015878831e-001
  +6.07632659200015745604e-001
  +5.82632659200015390333e-001
  +5.57632659200016145284e-001
  +5.32632659200015901035e-001
  +5.07632659200016322920e-001
  +4.82632659200016078671e-001
  +4.57632659200015723400e-001
  +4.32632659200016422840e-001
  +4.07632659200016234102e-001
  +3.82632659200016878032e-001
  +3.57632659200016633783e-001
  +3.32632659200016389534e-001
  +3.07632659200017033463e-001
  +2.82632659200016844725e-001
  +2.57632659200017488654e-001
  +2.32632659200017299916e-001
  +2.07632659200017083423e-001
  +1.82632659200017727352e-001
  +1.57632659200017510859e-001
  +1.32632659200018154788e-001
  +1.07632659200017910539e-001
  +8.26326592000176801678e-002
  +5.76326592000183449138e-002
  +3.26326592000181145425e-002
  +7.63265920001876627815e-003
  -1.73673407999814684299e-002
  -4.23673407999817022707e-002
  -6.73673407999810514024e-002
  -9.23673407999812817737e-002
  -1.17367340799980637844e-001
  -1.42367340799980868216e-001
  -1.67367340799981084709e-001
  -1.92367340799980440780e-001
  -2.17367340799980712784e-001
  -2.42367340799980041099e-001
  -2.67367340799980257593e-001
  -2.92367340799980501842e-001
  -3.17367340799979857913e-001
  -3.42367340799980046651e-001
  -3.67367340799979347210e-001
  -3.92367340799979535948e-001
  -4.17367340799979780197e-001
  -4.42367340799979136268e-001
  -4.67367340799979325006e-001
  -4.92367340799978792099e-001
  -5.17367340799979036348e-001
  -5.42367340799979280597e-001
  -5.67367340799978636667e-001
  -5.92367340799978880916e-001
  -6.17367340799978014942e-001
  -6.42367340799978370214e-001
  -6.67367340799978725485e-001
  -6.92367340799978081556e-001
  -7.17367340799978325805e-001
  -7.42367340799977570853e-001
  -7.67367340799977815102e-001
  -7.92367340799977948329e-001
  -8.17367340799977193377e-001
  -8.42367340799977437626e-001
  -8.67367340799976682675e-001
  -8.92367340799976815902e-001
  -9.17367340799976838106e-001
  -9.42367340799976083154e-001
  -9.67367340799976549448e-001
  -9.92367340799975905519e-001
  -1.01736734079997614977e+000
</dep>
<dep Vc.Vt time>
  +1.00000000005000000414e+000
  +1.02500000000000013323e+000
  +1.05000000000000004441e+000
  +1.07499999999999995559e+000
  +1.10000000000000008882e+000
  +1.12500000000000022204e+000
  +1.15000000000000013323e+000
  +1.17500000000000026645e+000
  +1.19999999999999995559e+000
  +1.22499999999999986677e+000
  +1.24999999999999977796e+000
  +1.27499999999999991118e+000
  +1.29999999999999960032e+000
  +1.32499999999999951150e+000
  +1.34999999999999942268e+000
  +1.37499999999999955591e+000
  +1.39999999999999991118e+000
  +1.42500000000000004441e+000
  +1.45000000000000017764e+000
  +1.47500000000000031086e+000
  +1.50000000000000022204e+000
  +1.52500000000000013323e+000
  +1.55000000000000048850e+000
  +1.57500000000000084377e+000
  +1.60000000000000119904e+000
  +1.62500000000000133227e+000
  +1.65000000000000102141e+000
  +1.67500000000000093259e+000
  +1.70000000000000084377e+000
  +1.72500000000000053291e+000
  +1.75000000000000088818e+000
  +1.77500000000000124345e+000
  +1.80000000000000115463e+000
  +1.82500000000000106581e+000
  +1.85000000000000097700e+000
  +1.87500000000000044409e+000
  +1.90000000000000035527e+000
  +1.92500000000000048850e+000
  +1.95000000000000039968e+000
  +1.97500000000000031086e+000
  +1.99421088640000032655e+000
  +1.99421088640000032655e+000
  +1.99421088640000010450e+000
  +1.99421088640000032655e+000
  +1.99421088640000010450e+000
  +1.99421088640000032655e+000
  +1.99421088640000032655e+000
  +1.99421088640000010450e+000
  +1.99421088640000032655e+000
  +1.99421088640000010450e+000
  +1.99421088640000032655e+000
  +1.99421088640000032655e+000
  +1.99421088640000010450e+000
  +1.99421088640000032655e+000
  +1.99421088640000010450e+000
  +1.99421088640000032655e+000
  +1.99421088640000032655e+000
  +1.99421088640000010450e+000
  +1.99421088640000032655e+000
  +1.99421088640000010450e+000
  +1.99421088640000032655e+000
  +1.99421088640000032655e+000
  +1.99421088640000010450e+000
  +1.99421088640000032655e+000
  +1.99421088640000010450e+000
  +1.99421088640000032655e+000
  +1.99421088640000032655e+000
  +1.99421088640000010450e+000
  +1.99421088640000032655e+000
  +1.99421088640000010450e+000
  +1.99421088640000032655e+000
  +1.99421088640000032655e+000
  +1.99421088640000010450e+000
  +1.99421088640000032655e+000
  +1.99421088640000010450e+000
  +1.99421088640000032655e+000
  +1.99421088640000032655e+000
  +1.99421088640000010450e+000
  +1.99421088640000032655e+000
  +1.99421088640000010450e+000
  +1.99131632960000026777e+000
  +1.97881632960000009014e+000
  +1.96631632960000102273e+000
  +1.95381632960000173327e+000
  +1.94131632960000133359e+000
  +1.92881632960000093391e+000
  +1.91631632960000075627e+000
  +1.90381632960000102273e+000
  +1.89131632960000106713e+000
  +1.87881632960000133359e+000
  +1.86631632960000093391e+000
  +1.85381632960000120036e+000
  +1.84131632960000168886e+000
  +1.82881632960000173327e+000
  +1.81631632960000222177e+000
  +1.80381632960000248822e+000
  +1.79131632960000297672e+000
  +1.77881632960000324317e+000
  +1.76631632960000262145e+000
  +1.75381632960000266586e+000
  +1.74131632960000248822e+000
  +1.72881632960000231058e+000
  +1.71631632960000213295e+000
  +1.70381632960000195531e+000
  +1.69131632960000199972e+000
  +1.67881632960000226618e+000
  +1.66631632960000253263e+000
  +1.65381632960000257704e+000
  +1.64131632960000217736e+000
  +1.62881632960000244381e+000
  +1.61631632960000271027e+000
  +1.60381632960000275467e+000
  +1.59131632960000235499e+000
  +1.57881632960000195531e+000
  +1.56631632960000222177e+000
  +1.55381632960000248822e+000
  +1.54131632960000253263e+000
  +1.52881632960000279908e+000
  +1.51631632960000284349e+000
  +1.50381632960000288790e+000
  +1.49131632960000315435e+000
  +1.47881632960000319876e+000
  +1.46631632960000324317e+000
  +1.45381632960000306554e+000
  +1.44131632960000333199e+000
  +1.42881632960000337640e+000
  +1.41631632960000364285e+000
  +1.40381632960000324317e+000
  +1.39131632960000262145e+000
  +1.37881632960000266586e+000
  +1.36631632960000271027e+000
  +1.35381632960000275467e+000
  +1.34131632960000302113e+000
  +1.32881632960000284349e+000
  +1.31631632960000288790e+000
  +1.30381632960000293231e+000
  +1.29131632960000319876e+000
  +1.27881632960000324317e+000
  +1.26631632960000306554e+000
  +1.25381632960000310995e+000
  +1.24131632960000337640e+000
  +1.22881632960000342081e+000
  +1.21631632960000346522e+000
  +1.20381632960000328758e+000
  +1.19131632960000355403e+000
  +1.17881632960000359844e+000
  +1.16631632960000364285e+000
  +1.15381632960000390931e+000
  +1.14131632960000373167e+000
  +1.12881632960000377608e+000
  +1.11631632960000382049e+000
  +1.10381632960000408694e+000
  +1.09131632960000413135e+000
  +1.07881632960000439780e+000
  +1.06631632960000488630e+000
  +1.05381632960000515276e+000
  +1.04131632960000497512e+000
  +1.02881632960000479748e+000
  +1.01631632960000506394e+000
  +1.00381632960000577448e+000
  +9.91316329600006040934e-001
  +9.78816329600005641254e-001
  +9.66316329600005796685e-001
  +9.53816329600005619049e-001
  +9.41316329600005885503e-001
  +9.28816329600005929912e-001
  +9.16316329600005974321e-001
  +9.03816329600006351797e-001
  +8.91316329600006396205e-001
  +8.78816329600006773681e-001
  +8.66316329600006596046e-001
  +8.53816329600006418410e-001
  +8.41316329600006795886e-001
  +8.28816329600006618250e-001
  +8.16316329600007106748e-001
  +8.03816329600007151157e-001
  +7.91316329600007084544e-001
  +7.78816329600007128953e-001
  +7.66316329600006840295e-001
  +7.53816329600006884704e-001
  +7.41316329600006707068e-001
  +7.28816329600006529432e-001
  +7.16316329600006906908e-001
  +7.03816329600006729272e-001
  +6.91316329600007106748e-001
  +6.78816329600007040135e-001
  +6.66316329600006862499e-001
  +6.53816329600007239975e-001
  +6.41316329600007284384e-001
  +6.28816329600007661860e-001
  +6.16316329600007373202e-001
  +6.03816329600006973521e-001
  +5.91316329600007239975e-001
  +5.78816329600007173362e-001
  +5.66316329600007439815e-001
  +5.53816329600007373202e-001
  +5.41316329600007084544e-001
  +5.28816329600007128953e-001
  +5.16316329600006951317e-001
  +5.03816329600007328793e-001
  +4.91316329600007151157e-001
  +4.78816329600006973521e-001
  +4.66316329600007295486e-001
  +4.53816329600007062339e-001
  +4.41316329600007384304e-001
  +4.28816329600007206668e-001
  +4.16316329600007140055e-001
  +4.03816329600007406508e-001
  +3.91316329600007339895e-001
  +3.78816329600007606349e-001
  +3.66316329600007428713e-001
  +3.53816329600007306588e-001
  +3.41316329600007628553e-001
  +3.28816329600007506428e-001
  +3.16316329600007939415e-001
  +3.03816329600007872802e-001
  +2.91316329600007695166e-001
  +2.78816329600008072642e-001
  +2.66316329600007950518e-001
  +2.53816329600008161460e-001
  +2.41316329600008039336e-001
  +2.28816329600007861700e-001
  +2.16316329600008211420e-001
  +2.03816329600008117051e-001
  +1.91316329600008439016e-001
  +1.78816329600008316891e-001
  +1.66316329600008194767e-001
  +1.53816329600008516731e-001
  +1.41316329600008422362e-001
  +1.28816329600008744327e-001
  +1.16316329600008649958e-001
  +1.03816329600008541711e-001
  +9.13163296000088636761e-002
  +7.88163296000087554294e-002
  +6.63163296000090773941e-002
  +5.38163296000089552695e-002
  +4.13163296000088400839e-002
  +2.88163296000091724569e-002
  +1.63163296000090572713e-002
  +3.81632960000938313908e-003
  -8.68367039999073421497e-003
  -2.11836703999908511353e-002
  -3.36836703999905257012e-002
  -4.61836703999906408868e-002
  -5.86836703999903189222e-002
  -7.11836703999904341078e-002
  -8.36836703999905423546e-002
  -9.61836703999902203899e-002
  -1.08683670399990356392e-001
  -1.21183670399990020550e-001
  -1.33683670399990128796e-001
  -1.46183670399990250921e-001
  -1.58683670399989928956e-001
  -1.71183670399990023325e-001
  -1.83683670399989673605e-001
  -1.96183670399989767974e-001
  -2.08683670399989890099e-001
  -2.21183670399989568134e-001
  -2.33683670399989662503e-001
  -2.46183670399989396049e-001
  -2.58683670399989518174e-001
  -2.71183670399989640298e-001
  -2.83683670399989318334e-001
  -2.96183670399989440458e-001
  -3.08683670399989007471e-001
  -3.21183670399989185107e-001
  -3.33683670399989362743e-001
  -3.46183670399989040778e-001
  -3.58683670399989162902e-001
  -3.71183670399988785427e-001
  -3.83683670399988907551e-001
  -3.96183670399988974165e-001
  -4.08683670399988596689e-001
  -4.21183670399988718813e-001
  -4.33683670399988341337e-001
  -4.46183670399988407951e-001
  -4.58683670399988419053e-001
  -4.71183670399988041577e-001
  -4.83683670399988274724e-001
  -4.96183670399987952759e-001
  -5.08683670399988074884e-001
</dep>
